1
2
3
4
5
6
146
147
148
149
150
151
219
220
221
222
223
224
225
226
227
228
229
230
231
232
233
291
292
293
294
295
296
297
364
365
366
367
368
369
370
371
372
373
374
375
376
377
378
436
437
438
439
440
441
442
443
468
469
470
471
472
473
474
475
487
488
489
490
491
492
493
495
496
497
498
499
500
501
502
503
504
505
506
509
510
511
512
513
514
515
516
517
518
519
520
521
522
523
581
582
583
584
585
586
587
588
589
613
614
615
616
617
618
619
620
632
633
634
635
636
637
638
640
641
642
643
644
645
646
647
648
649
650
651
654
655
656
657
658
659
660
661
662
663
664
665
666
667
668
726
727
728
729
730
731
732
733
734
735
743
744
745
746
747
748
749
750
751
752
758
759
760
761
762
763
764
765
777
778
779
780
781
782
783
785
786
787
788
789
790
791
792
793
794
795
796
799
800
801
802
803
804
805
806
807
808
809
810
811
812
813
871
872
873
874
875
876
877
878
879
880
888
889
890
891
892
893
894
895
896
897
903
904
905
906
907
908
909
910
911
922
923
924
925
926
927
928
930
931
932
933
934
935
936
937
938
939
940
941
944
945
946
947
948
949
950
951
952
953
954
955
956
957
958
1016
1017
1018
1019
1020
1021
1022
1023
1024
1025
1033
1034
1035
1036
1037
1038
1039
1040
1041
1042
1048
1049
1050
1051
1052
1053
1054
1055
1056
1057
1058
1059
1060
1061
1062
1063
1064
1065
1067
1068
1069
1070
1071
1072
1073
1075
1076
1077
1078
1079
1080
1081
1082
1083
1084
1085
1086
1089
1090
1091
1092
1093
1094
1095
1096
1097
1098
1099
1100
1101
1102
1103
1161
1162
1163
1164
1165
1166
1167
1168
1169
1170
1178
1179
1180
1181
1182
1183
1184
1185
1186
1187
1194
1195
1196
1197
1198
1199
1200
1201
1202
1203
1204
1205
1206
1207
1208
1209
1210
1212
1213
1214
1215
1216
1217
1218
1220
1221
1222
1223
1224
1225
1226
1227
1228
1229
1230
1231
1234
1235
1236
1237
1238
1239
1240
1241
1242
1243
1244
1245
1246
1247
1248
1306
1307
1308
1309
1310
1311
1312
1313
1314
1323
1324
1325
1326
1327
1328
1329
1330
1331
1332
1336
1337
1339
1340
1341
1342
1343
1344
1345
1346
1347
1348
1349
1350
1351
1352
1353
1354
1355
1357
1358
1359
1360
1361
1362
1363
1365
1366
1367
1368
1369
1370
1371
1372
1373
1374
1375
1376
1379
1380
1381
1382
1383
1384
1385
1386
1387
1388
1389
1390
1391
1392
1393
1451
1452
1453
1454
1455
1456
1457
1458
1459
1468
1469
1470
1471
1472
1473
1474
1475
1476
1477
1481
1482
1485
1486
1487
1488
1489
1490
1491
1492
1493
1494
1495
1496
1497
1498
1499
1500
1502
1503
1504
1505
1506
1507
1508
1510
1511
1512
1513
1514
1515
1516
1517
1518
1519
1520
1521
1524
1525
1526
1527
1528
1529
1530
1531
1532
1533
1534
1535
1536
1537
1538
1596
1597
1598
1599
1600
1601
1602
1603
1604
1613
1614
1615
1616
1617
1618
1619
1620
1621
1622
1626
1627
1628
1630
1631
1632
1633
1634
1635
1636
1637
1638
1639
1640
1641
1642
1643
1644
1645
1647
1648
1649
1650
1651
1652
1653
1655
1656
1657
1658
1659
1660
1661
1662
1663
1664
1665
1666
1669
1670
1671
1672
1673
1674
1675
1676
1677
1678
1679
1680
1681
1682
1683
1741
1742
1743
1744
1745
1746
1747
1748
1758
1759
1760
1761
1762
1763
1764
1765
1766
1767
1771
1772
1773
1776
1777
1778
1779
1780
1781
1782
1783
1784
1785
1786
1787
1788
1789
1790
1792
1793
1794
1795
1796
1797
1798
1800
1801
1802
1803
1804
1805
1806
1807
1808
1809
1810
1811
1814
1815
1816
1817
1818
1819
1820
1821
1822
1823
1824
1825
1826
1827
1828
1886
1887
1888
1889
1890
1891
1892
1897
1903
1904
1905
1906
1907
1908
1909
1910
1911
1912
1916
1917
1918
1919
1921
1922
1923
1924
1925
1926
1927
1928
1929
1930
1931
1932
1933
1934
1935
1937
1938
1939
1940
1941
1942
1943
1945
1946
1947
1948
1949
1950
1951
1952
1953
1954
1955
1956
1959
1960
1961
1962
1963
1964
1965
1966
1967
1968
1969
1970
1971
1972
1973
2031
2032
2033
2034
2035
2036
2041
2042
2043
2044
2048
2049
2050
2051
2052
2053
2054
2055
2056
2057
2061
2062
2063
2064
2067
2068
2069
2070
2071
2072
2073
2074
2075
2076
2077
2078
2079
2080
2082
2083
2084
2085
2086
2087
2088
2090
2091
2092
2093
2094
2095
2096
2097
2098
2099
2100
2101
2104
2105
2106
2107
2108
2109
2110
2111
2112
2113
2114
2115
2116
2117
2118
2176
2177
2178
2179
2180
2185
2186
2187
2188
2189
2190
2191
2193
2194
2195
2196
2197
2198
2199
2200
2201
2202
2206
2207
2208
2209
2210
2212
2213
2214
2215
2216
2217
2218
2219
2220
2221
2222
2223
2224
2225
2227
2228
2229
2230
2231
2232
2233
2235
2236
2237
2238
2239
2240
2241
2242
2243
2244
2245
2246
2249
2250
2251
2252
2253
2254
2255
2256
2257
2258
2259
2260
2261
2262
2263
2321
2322
2323
2324
2328
2329
2330
2331
2332
2333
2334
2335
2336
2338
2339
2340
2341
2342
2343
2344
2345
2346
2347
2351
2352
2353
2354
2355
2358
2359
2360
2361
2362
2363
2364
2365
2366
2367
2368
2369
2370
2372
2373
2374
2375
2376
2377
2378
2380
2381
2382
2383
2384
2385
2386
2387
2388
2389
2390
2391
2394
2395
2396
2397
2398
2399
2400
2401
2402
2403
2404
2405
2406
2407
2408
2466
2467
2468
2472
2473
2474
2475
2476
2477
2478
2479
2480
2481
2483
2484
2485
2486
2487
2488
2489
2490
2491
2492
2496
2497
2498
2499
2500
2501
2509
2510
2511
2512
2513
2514
2515
2517
2518
2519
2520
2521
2522
2523
2525
2526
2527
2528
2529
2530
2531
2532
2533
2534
2535
2536
2539
2540
2541
2542
2543
2544
2545
2546
2547
2548
2549
2550
2551
2552
2553
2592
2593
2594
2595
2596
2597
2598
2599
2600
2611
2612
2616
2617
2618
2619
2620
2621
2622
2623
2624
2625
2626
2627
2629
2630
2631
2632
2633
2634
2635
2636
2637
2641
2642
2643
2644
2645
2646
2654
2655
2656
2657
2658
2659
2660
2662
2663
2664
2665
2666
2667
2668
2670
2671
2672
2673
2674
2675
2676
2677
2678
2679
2680
2681
2684
2685
2686
2687
2688
2689
2690
2691
2692
2693
2694
2695
2696
2697
2735
2737
2738
2739
2740
2741
2742
2743
2744
2745
2756
2759
2760
2761
2762
2763
2764
2765
2766
2767
2768
2769
2770
2771
2772
2774
2775
2776
2777
2778
2779
2780
2781
2782
2786
2787
2788
2789
2790
2791
2792
2799
2800
2801
2802
2803
2804
2805
2807
2808
2809
2810
2811
2812
2813
2815
2816
2817
2818
2819
2820
2821
2822
2823
2824
2825
2826
2829
2830
2831
2832
2833
2834
2835
2836
2837
2838
2839
2840
2841
2879
2880
2882
2883
2884
2885
2886
2887
2888
2889
2890
2903
2904
2905
2906
2907
2908
2909
2910
2911
2912
2913
2914
2915
2916
2917
2920
2921
2922
2923
2924
2925
2926
2927
2931
2932
2933
2934
2935
2936
2937
2944
2945
2946
2947
2948
2949
2950
2952
2953
2954
2955
2956
2957
2958
2960
2961
2962
2963
2964
2965
2966
2967
2968
2969
2970
2971
2974
2975
2976
2977
2978
2979
2980
2981
2982
2983
2984
2985
2986
3023
3024
3025
3027
3028
3029
3030
3031
3032
3033
3034
3035
3046
3047
3048
3049
3050
3051
3052
3053
3054
3055
3056
3057
3058
3059
3060
3061
3062
3063
3065
3066
3067
3068
3069
3070
3076
3077
3078
3079
3080
3081
3082
3083
3089
3090
3091
3092
3093
3094
3095
3097
3098
3099
3100
3101
3102
3103
3119
3120
3121
3122
3123
3124
3125
3126
3127
3128
3129
3130
3167
3168
3169
3170
3172
3173
3174
3175
3176
3177
3178
3179
3180
3191
3192
3193
3194
3195
3196
3197
3198
3199
3200
3201
3202
3203
3204
3205
3206
3207
3208
3211
3212
3213
3214
3215
3221
3222
3223
3224
3225
3226
3227
3228
3234
3235
3236
3237
3238
3239
3240
3242
3243
3244
3245
3246
3247
3248
3252
3253
3254
3255
3256
3257
3258
3259
3260
3261
3264
3265
3266
3267
3268
3269
3270
3271
3272
3273
3274
3311
3312
3313
3314
3315
3317
3318
3319
3320
3321
3322
3323
3324
3325
3336
3337
3338
3339
3340
3341
3342
3343
3344
3345
3346
3347
3348
3349
3350
3351
3352
3353
3356
3357
3358
3359
3360
3366
3367
3368
3369
3370
3371
3372
3373
3374
3379
3380
3381
3382
3383
3384
3385
3387
3388
3389
3390
3391
3392
3393
3397
3398
3399
3400
3401
3402
3403
3404
3405
3406
3455
3456
3457
3458
3459
3460
3462
3463
3464
3465
3466
3467
3468
3469
3470
3598
3599
3600
3601
3602
3603
3604
3605
3607
3608
3609
3610
3611
3612
3613
3614
3615
3632
3633
3634
3635
3636
3637
3638
3639
3640
3653
3720
3721
3722
3723
3724
3725
3726
3727
3728
3729
3730
3731
3732
3733
3734
3735
3736
3737
3738
3739
3740
3743
3744
3745
3746
3747
3748
3749
3750
3752
3753
3754
3755
3756
3757
3758
3759
3760
3777
3778
3779
3780
3781
3782
3783
3784
3785
3788
3789
3790
3791
3792
3793
3794
3795
3796
3797
3798
3801
3802
3803
3804
3805
3806
3807
3808
3809
3810
3811
3814
3815
3816
3817
3818
3819
3820
3821
3822
3823
3824
3825
3826
3827
3828
3829
3830
3831
3832
3833
3834
3835
3836
3837
3838
3839
3840
3841
3842
3865
3866
3867
3868
3869
3870
3871
3872
3873
3874
3875
3876
3877
3878
3879
3880
3881
3882
3883
3884
3885
3888
3889
3890
3891
3892
3893
3894
3895
3897
3898
3899
3900
3901
3902
3903
3904
3905
3933
3934
3935
3936
3937
3938
3939
3940
3941
3942
3943
3946
3947
3948
3949
3950
3951
3952
3953
3954
3955
3956
3959
3960
3961
3962
3963
3964
3965
3966
3967
3968
3969
3970
3971
3972
3973
3974
3975
3976
3977
3978
3979
3980
3981
3982
3983
3984
3985
3986
3987
4010
4011
4012
4013
4014
4015
4016
4017
4018
4019
4020
4021
4022
4023
4024
4025
4026
4027
4028
4029
4030
4033
4034
4035
4036
4037
4038
4039
4040
4042
4043
4044
4045
4046
4047
4048
4049
4050
4063
4064
4065
4067
4068
4069
4070
4071
4072
4073
4074
4075
4076
4078
4079
4080
4081
4082
4083
4084
4085
4086
4087
4088
4091
4092
4093
4094
4095
4096
4097
4098
4099
4100
4101
4105
4106
4107
4108
4109
4110
4111
4112
4113
4114
4115
4116
4117
4118
4119
4120
4121
4122
4123
4124
4125
4126
4127
4128
4129
4130
4131
4132
4155
4156
4157
4158
4159
4160
4161
4162
4163
4164
4165
4166
4167
4168
4169
4170
4171
4172
4173
4174
4175
4178
4179
4180
4181
4182
4183
4184
4185
4187
4188
4189
4190
4191
4192
4193
4194
4195
4198
4199
4200
4201
4202
4203
4204
4208
4209
4210
4212
4213
4214
4215
4216
4217
4218
4219
4220
4221
4223
4224
4225
4226
4227
4228
4229
4230
4231
4232
4233
4236
4237
4238
4239
4240
4241
4242
4243
4244
4245
4246
4247
4250
4251
4252
4253
4254
4255
4256
4257
4258
4259
4260
4261
4262
4263
4264
4265
4266
4267
4268
4269
4270
4271
4272
4273
4274
4275
4276
4277
4279
4300
4301
4302
4303
4304
4305
4306
4307
4308
4309
4310
4311
4312
4313
4314
4315
4316
4317
4318
4319
4320
4323
4324
4325
4326
4327
4328
4329
4330
4332
4333
4334
4335
4336
4337
4338
4339
4340
4343
4344
4345
4346
4347
4348
4349
4353
4354
4355
4357
4358
4359
4360
4361
4362
4363
4364
4365
4366
4368
4369
4370
4371
4372
4373
4374
4375
4376
4377
4378
4381
4382
4383
4384
4385
4386
4387
4388
4389
4390
4391
4392
4396
4397
4398
4399
4400
4401
4402
4403
4404
4405
4406
4407
4408
4409
4410
4411
4412
4413
4414
4415
4416
4417
4418
4419
4420
4421
4422
4424
4425
4426
4427
4428
4429
4430
4431
4432
4433
4445
4446
4447
4448
4449
4450
4451
4452
4453
4454
4455
4456
4457
4458
4459
4460
4461
4462
4463
4464
4465
4468
4469
4470
4471
4472
4473
4474
4475
4477
4478
4479
4480
4481
4482
4483
4484
4485
4488
4489
4490
4491
4492
4493
4494
4499
4500
4502
4503
4504
4505
4506
4507
4508
4509
4510
4511
4513
4514
4515
4516
4517
4518
4519
4520
4521
4522
4523
4526
4527
4528
4529
4530
4531
4532
4533
4534
4535
4536
4537
4538
4541
4542
4543
4544
4545
4546
4547
4548
4549
4550
4551
4552
4553
4554
4555
4556
4557
4558
4559
4560
4561
4562
4563
4564
4565
4566
4567
4569
4570
4571
4572
4573
4574
4575
4576
4577
4578
4579
4580
4581
4582
4583
4584
4585
4586
4587
4588
4589
4590
4591
4592
4593
4594
4595
4596
4597
4598
4599
4600
4601
4602
4603
4604
4605
4606
4607
4608
4609
4610
4613
4614
4615
4616
4617
4618
4619
4620
4622
4623
4624
4625
4626
4627
4628
4629
4630
4633
4634
4635
4636
4637
4638
4639
4644
4645
4647
4648
4649
4650
4651
4652
4653
4654
4655
4656
4658
4659
4660
4661
4662
4663
4664
4665
4666
4667
4668
4671
4672
4673
4674
4675
4676
4677
4678
4679
4680
4681
4682
4683
4687
4688
4689
4690
4691
4692
4693
4694
4695
4696
4697
4698
4699
4700
4701
4702
4703
4704
4705
4706
4707
4708
4709
4710
4711
4712
4714
4715
4716
4717
4718
4719
4720
4721
4722
4723
4724
4725
4726
4727
4728
4729
4730
4731
4732
4733
4734
4735
4736
4737
4738
4739
4740
4741
4742
4743
4744
4745
4746
4747
4748
4749
4750
4751
4752
4753
4754
4755
4758
4759
4760
4761
4762
4763
4764
4765
4767
4768
4769
4770
4771
4772
4773
4774
4775
4778
4779
4780
4781
4782
4783
4784
4789
4790
4792
4793
4794
4795
4796
4797
4798
4799
4800
4801
4803
4804
4805
4806
4807
4808
4809
4810
4811
4812
4813
4816
4817
4818
4819
4820
4821
4822
4823
4824
4825
4826
4827
4828
4832
4833
4834
4835
4836
4837
4838
4839
4840
4841
4842
4843
4844
4845
4846
4847
4848
4849
4850
4851
4852
4853
4854
4855
4856
4857
4859
4860
4861
4862
4863
4864
4865
4866
4867
4868
4869
4870
4871
4872
4873
4874
4875
4876
4877
4878
4879
4880
4881
4882
4883
4884
4885
4886
4887
4888
4889
4890
4891
4892
4893
4894
4895
4896
4897
4898
4899
4900
4903
4904
4905
4906
4907
4908
4909
4910
4912
4913
4914
4915
4916
4917
4918
4919
4920
4923
4924
4925
4926
4927
4935
4961
4962
4963
4964
4965
4966
4967
4968
4969
4970
4971
4972
4973
4974
4978
4979
4980
4981
4982
4983
4984
4985
4986
4987
4988
4989
4990
4991
4992
4993
4994
4995
4996
4997
4998
4999
5000
5001
5002
5004
5005
5006
5007
5008
5009
5010
5011
5012
5013
5014
5015
5016
5017
5018
5019
5020
5021
5022
5023
5024
5025
5026
5027
5028
5029
5030
5031
5032
5033
5034
5035
5036
5037
5038
5039
5040
5041
5042
5043
5044
5045
5048
5049
5050
5051
5052
5053
5054
5055
5057
5058
5059
5060
5061
5062
5063
5064
5065
5068
5069
5070
5071
5072
5080
5081
5106
5107
5108
5109
5110
5111
5112
5113
5114
5115
5116
5117
5118
5119
5123
5124
5125
5126
5127
5128
5129
5130
5131
5132
5133
5134
5135
5136
5137
5138
5139
5140
5141
5142
5143
5144
5145
5146
5147
5149
5150
5151
5152
5153
5154
5155
5156
5157
5158
5159
5160
5161
5162
5163
5164
5165
5166
5167
5168
5169
5170
5171
5172
5173
5174
5175
5176
5177
5178
5179
5180
5181
5182
5183
5184
5185
5186
5187
5188
5189
5190
5193
5194
5195
5196
5197
5198
5199
5200
5202
5203
5204
5205
5206
5207
5208
5209
5210
5213
5214
5215
5216
5217
5225
5226
5227
5228
5229
5230
5231
5232
5233
5234
5235
5236
5237
5238
5239
5240
5241
5242
5243
5244
5245
5246
5251
5252
5253
5254
5255
5256
5257
5258
5259
5260
5261
5262
5263
5264
5265
5294
5295
5296
5297
5298
5299
5300
5301
5302
5303
5304
5305
5306
5307
5308
5309
5310
5311
5312
5313
5314
5315
5316
5317
5318
5319
5320
5321
5322
5323
5324
5325
5326
5327
5328
5329
5330
5331
5332
5333
5334
5335
5338
5339
5340
5341
5342
5343
5344
5345
5347
5348
5349
5350
5351
5352
5353
5354
5355
5358
5359
5360
5361
5362
5371
5372
5373
5374
5375
5376
5377
5378
5379
5380
5381
5382
5383
5384
5385
5386
5387
5388
5389
5390
5391
5396
5397
5398
5399
5400
5401
5402
5403
5404
5405
5406
5407
5408
5409
5410
5414
5415
5416
5417
5418
5419
5420
5421
5422
5423
5424
5425
5426
5427
5428
5429
5430
5431
5432
5433
5434
5435
5436
5439
5440
5441
5442
5443
5444
5445
5446
5447
5448
5449
5450
5451
5452
5453
5454
5455
5456
5457
5458
5459
5460
5461
5462
5463
5464
5465
5466
5467
5468
5469
5470
5471
5472
5473
5474
5475
5476
5477
5478
5479
5480
5483
5484
5485
5486
5487
5488
5489
5490
5492
5493
5494
5495
5496
5497
5498
5499
5500
5503
5504
5505
5506
5507
5516
5517
5518
5519
5520
5521
5522
5523
5524
5525
5526
5527
5528
5529
5530
5531
5532
5533
5534
5535
5536
5541
5542
5543
5544
5545
5546
5547
5548
5549
5550
5551
5552
5553
5554
5555
5559
5560
5561
5562
5563
5564
5565
5566
5567
5568
5569
5570
5571
5572
5573
5574
5575
5576
5577
5578
5579
5580
5581
5584
5585
5586
5587
5588
5589
5590
5591
5592
5593
5594
5595
5596
5597
5598
5599
5600
5601
5602
5603
5604
5605
5606
5607
5608
5609
5610
5611
5612
5613
5614
5615
5616
5617
5618
5619
5620
5621
5622
5623
5624
5625
5628
5629
5630
5631
5632
5633
5634
5635
5637
5638
5639
5640
5641
5642
5643
5644
5645
5648
5649
5650
5651
5652
5662
5663
5664
5665
5666
5667
5668
5669
5670
5671
5672
5673
5674
5675
5676
5677
5678
5679
5680
5681
5686
5687
5688
5689
5690
5691
5692
5693
5694
5695
5696
5697
5698
5699
5700
5705
5706
5707
5708
5709
5710
5711
5712
5713
5714
5715
5716
5717
5718
5719
5720
5721
5722
5723
5724
5725
5726
5729
5730
5731
5732
5733
5734
5735
5736
5737
5738
5739
5740
5741
5742
5743
5744
5745
5746
5747
5748
5749
5750
5751
5752
5753
5754
5755
5756
5757
5758
5759
5760
5761
5762
5763
5764
5765
5766
5767
5768
5769
5770
5773
5774
5775
5776
5777
5778
5779
5780
5782
5783
5784
5785
5786
5787
5788
5789
5790
5793
5794
5795
5796
5797
5807
5808
5809
5810
5811
5812
5813
5814
5815
5816
5817
5818
5819
5820
5821
5822
5823
5824
5825
5831
5832
5833
5834
5835
5836
5837
5838
5839
5840
5841
5842
5843
5844
5845
5850
5851
5852
5853
5854
5855
5856
5857
5858
5859
5860
5861
5862
5863
5864
5865
5866
5867
5868
5869
5870
5871
5874
5875
5876
5877
5878
5879
5880
5881
5882
5883
5884
5885
5886
5887
5888
5889
5890
5891
5892
5893
5894
5895
5896
5897
5898
5899
5900
5901
5902
5903
5904
5905
5906
5907
5908
5909
5910
5911
5912
5913
5914
5915
5918
5919
5920
5921
5922
5923
5924
5925
5927
5928
5929
5930
5931
5932
5933
5934
5935
5938
5939
5940
5941
5942
5952
5953
5954
5955
5956
5957
5958
5959
5960
5961
5962
5963
5964
5965
5966
5967
5968
5969
5976
5977
5978
5979
5980
5981
5982
5983
5984
5985
5986
5987
5988
5989
5990
5996
5997
5998
5999
6000
6001
6002
6003
6004
6005
6006
6007
6008
6009
6010
6011
6012
6013
6014
6015
6016
6019
6020
6021
6022
6023
6024
6025
6026
6027
6028
6029
6030
6031
6032
6033
6034
6035
6036
6037
6038
6039
6040
6041
6042
6043
6044
6045
6046
6047
6048
6049
6050
6051
6052
6053
6054
6055
6056
6057
6058
6059
6060
6063
6064
6065
6066
6067
6068
6069
6070
6072
6073
6074
6075
6076
6077
6078
6079
6080
6083
6084
6085
6086
6087
6098
6099
6100
6101
6102
6103
6104
6105
6106
6107
6108
6109
6110
6111
6114
6121
6122
6123
6124
6125
6126
6127
6128
6129
6130
6131
6132
6133
6134
6135
6141
6142
6143
6144
6145
6146
6147
6148
6149
6150
6151
6152
6153
6154
6155
6156
6157
6158
6159
6160
6161
6164
6165
6166
6167
6168
6169
6170
6171
6172
6173
6174
6175
6176
6177
6178
6179
6180
6181
6182
6183
6184
6185
6186
6187
6188
6189
6190
6191
6192
6193
6194
6195
6196
6197
6198
6199
6200
6201
6202
6203
6204
6205
6208
6209
6210
6211
6212
6213
6214
6215
6217
6218
6219
6220
6221
6222
6223
6224
6225
6228
6229
6230
6231
6232
6243
6244
6245
6246
6247
6248
6249
6250
6251
6252
6253
6257
6258
6259
6266
6267
6268
6269
6270
6271
6272
6273
6274
6275
6276
6277
6278
6279
6280
6287
6288
6289
6290
6291
6292
6293
6294
6295
6296
6297
6298
6299
6300
6301
6302
6303
6304
6305
6306
6309
6310
6311
6312
6313
6314
6315
6316
6317
6318
6319
6320
6321
6322
6323
6324
6325
6326
6327
6328
6329
6330
6331
6332
6333
6334
6335
6336
6337
6338
6339
6340
6341
6342
6343
6344
6345
6346
6347
6348
6349
6350
6353
6354
6355
6356
6357
6358
6359
6360
6362
6363
6364
6365
6366
6367
6368
6369
6370
6373
6374
6375
6376
6377
6388
6389
6390
6391
6392
6393
6394
6395
6399
6400
6401
6402
6403
6404
6411
6412
6413
6414
6415
6416
6417
6418
6419
6420
6421
6422
6423
6424
6425
6432
6433
6434
6435
6436
6437
6438
6439
6440
6441
6442
6443
6444
6445
6446
6447
6448
6449
6450
6451
6454
6455
6456
6457
6458
6459
6460
6461
6462
6463
6464
6465
6466
6467
6468
6469
6470
6471
6472
6473
6474
6475
6476
6477
6478
6479
6480
6481
6482
6483
6484
6485
6486
6487
6488
6489
6490
6491
6492
6493
6494
6495
6498
6499
6500
6501
6502
6503
6504
6505
6507
6508
6509
6510
6511
6512
6513
6514
6515
6518
6519
6520
6521
6522
6534
6535
6536
6537
6541
6542
6543
6544
6545
6546
6547
6548
6549
6550
6556
6557
6558
6559
6560
6561
6562
6563
6564
6565
6566
6567
6568
6569
6570
6578
6579
6580
6581
6582
6583
6584
6585
6586
6587
6588
6589
6590
6591
6592
6593
6594
6595
6596
6599
6600
6601
6602
6603
6604
6605
6606
6607
6608
6609
6610
6611
6612
6613
6614
6615
6616
6617
6618
6619
6620
6621
6622
6623
6624
6625
6626
6627
6628
6629
6630
6631
6632
6633
6634
6635
6636
6637
6638
6639
6640
6643
6644
6645
6646
6647
6648
6649
6650
6652
6653
6654
6655
6656
6657
6658
6659
6660
6663
6664
6665
6666
6667
6679
6680
6681
6682
6684
6685
6686
6687
6688
6689
6690
6691
6692
6693
6694
6695
6701
6702
6703
6704
6705
6706
6707
6708
6709
6710
6711
6712
6713
6714
6715
6723
6724
6725
6726
6727
6728
6729
6730
6731
6732
6733
6734
6735
6736
6737
6738
6739
6740
6741
6744
6745
6746
6747
6748
6749
6750
6751
6752
6753
6754
6755
6756
6757
6758
6759
6760
6761
6762
6763
6764
6765
6766
6767
6768
6769
6770
6771
6772
6773
6774
6775
6776
6777
6778
6779
6780
6781
6782
6783
6784
6785
6788
6789
6790
6791
6792
6793
6794
6795
6797
6798
6799
6800
6801
6802
6803
6804
6805
6808
6809
6810
6811
6812
6824
6825
6826
6827
6829
6830
6831
6832
6833
6834
6835
6836
6837
6838
6839
6840
6841
6846
6847
6848
6849
6850
6851
6852
6853
6854
6855
6856
6857
6858
6859
6860
6869
6870
6871
6872
6873
6874
6875
6876
6877
6878
6970
6971
6972
6974
6975
6976
6977
6978
6979
6980
6981
6982
6983
6984
6985
6986
6987
6988
6991
6992
6993
6994
6995
6996
6997
6998
6999
7000
7001
7002
7003
7004
7005
7014
7015
7016
7017
7018
7019
7020
7021
7022
7023
7024
7025
7026
7027
7028
7029
7030
7031
7039
7040
7041
7042
7043
7044
7045
7046
7047
7048
7049
7050
7051
7052
7053
7054
7055
7056
7057
7058
7059
7060
7061
7062
7063
7064
7065
7066
7067
7068
7069
7070
7071
7072
7073
7074
7075
7077
7078
7079
7080
7081
7082
7083
7084
7085
7086
7087
7115
7116
7117
7120
7121
7122
7123
7124
7125
7126
7127
7128
7129
7130
7131
7132
7133
7136
7137
7138
7139
7140
7141
7142
7143
7144
7145
7146
7147
7148
7149
7150
7160
7161
7162
7163
7164
7165
7166
7167
7168
7169
7170
7171
7172
7173
7174
7175
7176
7184
7185
7186
7187
7188
7189
7190
7191
7192
7193
7194
7195
7196
7197
7198
7199
7200
7201
7202
7203
7204
7205
7206
7207
7208
7209
7210
7211
7212
7213
7214
7215
7216
7217
7218
7219
7220
7222
7223
7224
7225
7226
7227
7228
7229
7230
7231
7232
7265
7266
7267
7268
7269
7270
7272
7273
7274
7275
7276
7277
7278
7281
7282
7283
7284
7285
7286
7287
7288
7289
7290
7291
7292
7293
7294
7295
7296
7305
7306
7307
7308
7309
7310
7311
7312
7313
7314
7315
7316
7317
7318
7319
7320
7321
7329
7330
7331
7332
7333
7334
7335
7336
7337
7338
7339
7340
7341
7342
7343
7344
7345
7346
7347
7348
7349
7350
7351
7352
7353
7354
7355
7356
7357
7358
7359
7360
7361
7362
7363
7364
7365
7367
7368
7369
7370
7371
7372
7373
7374
7375
7376
7377
7411
7412
7413
7414
7416
7426
7427
7428
7429
7430
7431
7432
7433
7434
7435
7436
7437
7438
7439
7440
7441
7451
7452
7453
7454
7455
7456
7457
7458
7459
7460
7461
7462
7463
7464
7465
7466
7474
7475
7476
7477
7478
7479
7480
7481
7482
7483
7484
7485
7486
7487
7488
7489
7490
7491
7492
7493
7494
7495
7496
7497
7498
7499
7500
7501
7502
7503
7504
7505
7506
7507
7508
7509
7510
7512
7513
7514
7515
7516
7517
7518
7519
7520
7521
7522
7556
7557
7559
7560
7561
7562
7563
7564
7565
7566
7567
7571
7572
7573
7574
7575
7576
7577
7578
7579
7580
7581
7582
7583
7584
7585
7586
7587
7596
7597
7598
7599
7600
7601
7602
7603
7604
7605
7606
7607
7608
7609
7610
7611
7619
7620
7621
7622
7623
7624
7625
7626
7627
7628
7629
7630
7631
7632
7633
7634
7635
7636
7637
7638
7639
7640
7641
7642
7643
7644
7645
7646
7647
7648
7649
7650
7651
7652
7653
7654
7655
7657
7658
7659
7660
7661
7662
7663
7664
7665
7666
7667
7702
7703
7704
7705
7706
7707
7708
7709
7710
7711
7712
7716
7717
7718
7719
7720
7721
7722
7723
7724
7725
7726
7727
7728
7729
7730
7731
7732
7742
7743
7744
7745
7746
7747
7748
7749
7750
7751
7752
7753
7754
7755
7756
7764
7765
7766
7767
7768
7769
7770
7771
7772
7773
7774
7775
7776
7777
7778
7779
7780
7781
7782
7783
7784
7785
7786
7787
7788
7789
7790
7791
7792
7793
7794
7795
7796
7797
7798
7799
7800
7802
7803
7804
7805
7806
7807
7808
7809
7810
7811
7812
7845
7846
7847
7848
7849
7850
7851
7852
7853
7854
7855
7856
7857
7861
7862
7863
7864
7865
7866
7867
7868
7869
7870
7871
7872
7873
7874
7875
7876
7877
7878
7887
7888
7889
7890
7891
7892
7893
7894
7895
7896
7897
7898
7899
7900
7901
7909
7910
7911
7912
7913
7914
7915
7916
7917
7918
7919
7920
7921
7922
7923
7924
7925
7926
7927
7928
7929
7930
7931
7932
7933
7934
7935
7936
7937
7938
7939
7940
7941
7942
7943
7944
7945
7947
7948
7949
7950
7951
7952
7953
7954
7955
7956
7957
7988
7989
7990
7991
7992
7993
7994
7995
7996
7997
7998
7999
8000
8001
8002
8006
8007
8008
8009
8010
8011
8012
8013
8014
8015
8016
8017
8018
8019
8020
8021
8022
8023
8033
8034
8035
8036
8037
8038
8039
8040
8041
8042
8043
8044
8045
8046
8054
8055
8056
8057
8058
8059
8060
8061
8062
8063
8064
8065
8066
8067
8068
8069
8070
8071
8072
8073
8074
8075
8076
8077
8078
8079
8080
8081
8082
8083
8084
8085
8086
8087
8088
8089
8090
8092
8093
8094
8095
8096
8097
8098
8099
8100
8101
8102
8132
8133
8134
8135
8136
8137
8138
8139
8140
8141
8142
8143
8144
8145
8146
8147
8151
8152
8153
8154
8155
8156
8157
8158
8159
8160
8161
8162
8163
8164
8165
8166
8167
8168
8169
8178
8179
8180
8181
8182
8183
8184
8185
8186
8187
8188
8189
8190
8191
8199
8200
8201
8202
8203
8204
8205
8206
8207
8208
8209
8210
8211
8212
8213
8214
8215
8216
8277
8278
8279
8280
8281
8282
8283
8284
8285
8286
8287
8288
8289
8290
8291
8292
8296
8297
8298
8299
8300
8301
8302
8303
8304
8305
8306
8307
8308
8309
8310
8311
8312
8313
8314
8324
8325
8326
8327
8328
8329
8330
8331
8332
8333
8334
8335
8336
8341
8342
8343
8344
8345
8346
8347
8348
8349
8350
8351
8352
8353
8354
8355
8356
8357
8358
8359
8360
8361
8364
8365
8366
8367
8368
8369
8370
8371
8372
8373
8374
8375
8376
8377
8378
8379
8380
8422
8423
8424
8425
8426
8427
8428
8429
8430
8431
8432
8433
8434
8435
8436
8437
8441
8442
8443
8444
8445
8446
8447
8448
8449
8450
8451
8452
8453
8454
8455
8456
8457
8458
8459
8460
8469
8470
8471
8472
8473
8474
8475
8476
8477
8478
8479
8480
8481
8482
8483
8484
8485
8486
8487
8488
8489
8490
8491
8492
8493
8494
8495
8496
8497
8498
8499
8500
8501
8502
8503
8504
8505
8506
8509
8510
8511
8512
8513
8514
8515
8516
8517
8518
8519
8520
8521
8522
8523
8524
8525
8568
8569
8570
8571
8572
8573
8574
8575
8576
8577
8578
8579
8580
8581
8582
8586
8587
8588
8589
8590
8591
8592
8593
8594
8595
8596
8597
8598
8599
8600
8601
8602
8603
8604
8605
8615
8616
8617
8618
8619
8620
8621
8622
8623
8624
8625
8626
8627
8628
8629
8630
8631
8632
8633
8634
8635
8636
8637
8638
8639
8640
8641
8642
8643
8644
8645
8646
8647
8648
8649
8650
8651
8654
8655
8656
8657
8658
8659
8660
8661
8662
8663
8664
8665
8666
8667
8668
8669
8670
8713
8714
8715
8716
8717
8718
8719
8720
8721
8722
8723
8724
8725
8726
8727
8742
8743
8744
8745
8746
8747
8748
8749
8750
8760
8761
8762
8763
8764
8765
8766
8767
8768
8769
8770
8771
8772
8773
8774
8775
8776
8777
8778
8779
8780
8781
8782
8783
8784
8785
8786
8787
8788
8789
8790
8791
8792
8793
8794
8795
8796
8799
8800
8801
8802
8803
8804
8805
8806
8807
8808
8809
8810
8811
8812
8813
8814
8815
8858
8859
8860
8861
8862
8863
8864
8865
8866
8867
8868
8869
8870
8871
8872
8873
8887
8888
8889
8890
8891
8892
8893
8894
8895
8906
8907
8908
8909
8910
8911
8912
8913
8914
8915
8916
8917
8918
8919
8920
8921
8922
8923
8924
8925
8926
8927
8928
8929
8930
8931
8932
8933
8934
8935
8936
8937
8938
8939
8940
8941
8944
8945
8946
8947
8948
8949
8950
8951
8952
8953
8954
8955
8956
8957
8958
8959
8960
9004
9005
9006
9007
9008
9009
9010
9011
9012
9013
9014
9015
9016
9017
9018
9032
9033
9034
9035
9036
9037
9038
9039
9040
9051
9052
9053
9054
9055
9056
9057
9058
9059
9060
9061
9062
9063
9064
9065
9066
9067
9068
9069
9070
9071
9072
9073
9074
9075
9076
9077
9078
9079
9080
9081
9082
9083
9084
9085
9086
9089
9090
9091
9092
9093
9094
9095
9096
9097
9098
9099
9100
9101
9102
9103
9104
9105
9149
9150
9151
9152
9153
9154
9155
9156
9157
9158
9159
9160
9161
9162
9163
9177
9178
9179
9180
9181
9182
9183
9184
9185
9197
9198
9199
9200
9201
9202
9203
9204
9205
9206
9207
9208
9209
9210
9211
9212
9213
9214
9215
9216
9217
9218
9219
9220
9221
9222
9223
9224
9225
9226
9227
9228
9229
9230
9231
9234
9235
9236
9237
9238
9239
9240
9241
9242
9243
9244
9245
9246
9247
9248
9249
9250
9294
9295
9296
9297
9298
9299
9300
9301
9302
9303
9304
9305
9306
9307
9308
9322
9323
9324
9325
9326
9327
9328
9329
9330
9342
9343
9344
9345
9346
9347
9348
9349
9350
9351
9352
9353
9354
9355
9356
9357
9358
9359
9360
9361
9362
9363
9364
9365
9366
9367
9368
9369
9370
9371
9372
9373
9374
9375
9376
9379
9380
9381
9382
9383
9384
9385
9386
9387
9388
9389
9390
9391
9392
9393
9394
9395
9440
9441
9442
9443
9444
9445
9446
9447
9448
9449
9450
9451
9452
9453
9467
9468
9469
9470
9471
9472
9473
9474
9475
9476
9488
9489
9490
9491
9492
9493
9494
9495
9496
9497
9498
9499
9500
9501
9502
9503
9504
9505
9506
9507
9508
9509
9510
9511
9512
9513
9514
9515
9516
9517
9518
9519
9520
9521
9524
9525
9526
9527
9528
9529
9530
9531
9532
9533
9534
9535
9536
9537
9538
9539
9540
9585
9586
9587
9588
9589
9590
9591
9592
9593
9594
9595
9596
9597
9598
9612
9613
9614
9615
9616
9617
9618
9619
9620
9621
9622
9623
9633
9634
9635
9636
9637
9638
9639
9640
9641
9642
9643
9644
9645
9646
9647
9648
9649
9650
9651
9652
9653
9654
9655
9656
9657
9658
9659
9660
9661
9662
9663
9664
9665
9666
9669
9670
9671
9672
9673
9674
9675
9676
9677
9678
9679
9680
9681
9682
9683
9684
9685
9730
9731
9732
9733
9734
9735
9736
9737
9738
9739
9740
9741
9742
9743
9757
9758
9759
9760
9761
9762
9763
9764
9765
9766
9767
9768
9779
9780
9781
9782
9783
9784
9785
9786
9787
9788
9789
9790
9791
9792
9793
9794
9795
9796
9797
9798
9799
9800
9801
9802
9803
9804
9805
9806
9807
9808
9809
9810
9811
9814
9815
9816
9817
9818
9819
9820
9821
9822
9823
9824
9825
9826
9827
9828
9829
9830
9876
9877
9878
9879
9880
9881
9882
9883
9884
9902
9903
9904
9905
9906
9907
9908
9909
9910
9911
9912
9913
9924
9925
9926
9927
9928
9929
9930
9931
9932
9933
9934
9935
9936
9937
9938
9939
9940
9941
9942
9943
9944
9945
9946
9947
9948
9949
9950
9951
9952
9953
9954
9955
9956
9959
9960
9961
9962
9963
9964
9965
9966
9967
9968
9969
9970
9971
9972
9973
9974
9975
10014
10021
10022
10023
10024
10025
10026
10027
10028
10029
10047
10048
10049
10050
10051
10052
10053
10054
10055
10056
10057
10058
10070
10071
10072
10073
10074
10075
10076
10077
10078
10079
10080
10081
10082
10083
10084
10085
10086
10087
10088
10089
10090
10091
10092
10093
10094
10095
10096
10097
10098
10099
10100
10101
10104
10105
10106
10107
10108
10109
10110
10111
10112
10113
10114
10115
10116
10117
10118
10119
10120
10155
10156
10157
10158
10159
10167
10168
10169
10170
10171
10172
10173
10174
10192
10193
10194
10195
10196
10197
10198
10199
10200
10201
10202
10203
10215
10216
10217
10218
10219
10220
10221
10222
10223
10224
10225
10226
10227
10228
10229
10230
10231
10232
10233
10234
10235
10236
10237
10238
10239
10240
10241
10242
10243
10244
10245
10246
10249
10250
10251
10252
10253
10254
10255
10256
10257
10258
10259
10260
10261
10262
10263
10264
10265
10296
10297
10298
10299
10300
10301
10302
10303
10304
10441
10442
10443
10444
10445
10446
10447
10448
10449
10586
10587
10588
10589
10590
10591
10592
10593
10594
10595
10615
10616
10617
10618
10619
10620
10621
10622
10623
10624
10625
10626
10627
10628
10629
10630
10631
10632
10633
10634
10635
10636
10637
10638
10639
10640
10641
10642
10643
10644
10645
10646
10647
10648
10652
10653
10654
10655
10656
10657
10659
10660
10661
10662
10663
10664
10665
10666
10667
10668
10669
10670
10671
10672
10673
10674
10675
10676
10677
10678
10681
10682
10683
10684
10685
10686
10687
10688
10689
10690
10691
10692
10693
10694
10695
10696
10697
10698
10731
10732
10733
10734
10735
10736
10737
10738
10739
10740
10760
10761
10762
10763
10764
10765
10766
10767
10768
10769
10770
10771
10772
10773
10774
10775
10776
10777
10778
10779
10780
10781
10782
10783
10784
10785
10786
10787
10788
10789
10790
10791
10792
10793
10797
10798
10799
10800
10801
10802
10804
10805
10806
10807
10808
10809
10810
10811
10812
10813
10814
10815
10816
10817
10818
10819
10820
10821
10822
10823
10826
10827
10828
10829
10830
10831
10832
10833
10834
10835
10836
10837
10838
10839
10840
10841
10842
10876
10877
10878
10879
10880
10881
10882
10883
10884
10885
10905
10906
10907
10908
10909
10910
10911
10912
10913
10914
10915
10916
10917
10918
10919
10920
10921
10922
10923
10924
10925
10926
10927
10928
10929
10930
10931
10932
10933
10934
10935
10936
10937
10938
10942
10943
10944
10945
10946
10947
10949
10950
10951
10952
10953
10954
10955
10956
10957
10958
10959
10960
10961
10962
10963
10964
10965
10966
10967
10968
10971
10972
10973
10974
10975
10976
10977
10978
10979
10980
10981
10982
10983
10984
10985
11021
11022
11023
11024
11025
11026
11027
11028
11029
11030
11050
11051
11052
11053
11054
11055
11056
11057
11058
11059
11060
11061
11062
11063
11064
11065
11066
11067
11068
11069
11070
11071
11072
11073
11074
11075
11076
11077
11078
11079
11080
11081
11082
11083
11084
11088
11089
11090
11091
11092
11094
11095
11096
11097
11098
11099
11100
11101
11102
11103
11104
11105
11106
11107
11108
11109
11110
11111
11112
11113
11116
11117
11118
11119
11120
11121
11122
11123
11124
11125
11126
11127
11128
11129
11166
11167
11168
11169
11170
11171
11172
11173
11174
11175
11176
11204
11205
11206
11207
11208
11209
11210
11211
11212
11213
11214
11215
11216
11217
11218
11219
11220
11221
11222
11223
11224
11225
11226
11227
11228
11229
11233
11234
11235
11236
11237
11239
11240
11241
11242
11243
11244
11245
11246
11247
11248
11249
11250
11251
11252
11253
11254
11255
11256
11257
11258
11261
11262
11263
11264
11265
11266
11267
11268
11269
11270
11271
11272
11311
11312
11313
11314
11315
11316
11317
11318
11319
11320
11321
11349
11350
11351
11352
11353
11354
11355
11356
11357
11358
11359
11360
11361
11362
11363
11364
11365
11366
11367
11368
11369
11370
11371
11372
11373
11374
11375
11378
11379
11380
11381
11382
11384
11385
11386
11387
11388
11389
11390
11391
11392
11393
11394
11395
11396
11397
11398
11399
11400
11401
11402
11403
11406
11407
11408
11409
11410
11411
11412
11413
11414
11415
11416
11417
11456
11457
11458
11459
11460
11461
11462
11463
11464
11465
11466
11494
11495
11496
11497
11498
11499
11500
11501
11502
11503
11504
11505
11506
11507
11508
11509
11510
11511
11512
11513
11514
11515
11516
11517
11518
11519
11520
11529
11530
11531
11532
11533
11534
11535
11536
11537
11538
11539
11540
11541
11542
11543
11544
11545
11546
11547
11548
11551
11552
11553
11554
11555
11556
11557
11558
11559
11560
11561
11562
11601
11602
11603
11604
11605
11606
11607
11608
11609
11610
11611
11639
11640
11641
11642
11643
11644
11645
11646
11647
11648
11649
11650
11651
11652
11653
11654
11655
11656
11657
11658
11659
11660
11661
11662
11663
11664
11665
11666
11674
11675
11676
11677
11678
11679
11680
11681
11682
11683
11684
11685
11686
11687
11688
11689
11690
11691
11692
11693
11696
11697
11698
11699
11700
11701
11702
11703
11704
11705
11706
11707
11746
11747
11748
11749
11750
11751
11752
11753
11754
11755
11756
11757
11775
11776
11777
11778
11779
11780
11781
11782
11783
11784
11785
11786
11787
11788
11789
11790
11791
11792
11793
11794
11795
11796
11797
11798
11799
11800
11801
11802
11803
11804
11805
11806
11807
11808
11809
11810
11811
11819
11820
11821
11822
11823
11824
11825
11826
11827
11828
11829
11830
11831
11832
11833
11834
11835
11836
11837
11838
11841
11842
11843
11844
11845
11846
11847
11848
11849
11850
11851
11891
11892
11893
11894
11895
11896
11897
11898
11899
11900
11901
11902
11920
11921
11922
11923
11924
11925
11926
11927
11928
11929
11930
11931
11932
11933
11934
11935
11936
11937
11938
11939
11940
11941
11942
11943
11944
11945
11946
11947
11948
11949
11950
11951
11952
11953
11954
11955
11956
11957
11964
11965
11966
11967
11968
11969
11970
11971
11972
11973
11974
11975
11976
11977
11978
11979
11980
11981
11982
11983
11986
11987
11988
11989
11990
11991
12036
12037
12038
12039
12040
12041
12042
12043
12044
12045
12046
12047
12066
12067
12068
12069
12070
12071
12072
12073
12074
12075
12076
12077
12078
12079
12080
12081
12082
12083
12084
12085
12086
12087
12088
12089
12090
12091
12092
12093
12094
12095
12096
12097
12098
12099
12100
12101
12102
12109
12110
12111
12112
12113
12114
12115
12116
12117
12137
12168
12169
12170
12171
12172
12173
12174
12181
12182
12183
12184
12185
12186
12187
12188
12189
12190
12191
12192
12193
12211
12212
12213
12214
12215
12216
12217
12218
12219
12220
12221
12222
12223
12224
12225
12226
12227
12228
12229
12230
12231
12232
12233
12234
12235
12236
12237
12238
12239
12240
12241
12242
12243
12244
12245
12246
12247
12248
12254
12255
12256
12257
12258
12259
12260
12261
12262
12280
12281
12282
12306
12307
12308
12309
12310
12311
12312
12313
12314
12315
12316
12317
12318
12319
12326
12327
12328
12329
12330
12331
12332
12333
12334
12335
12336
12337
12338
12355
12356
12357
12358
12359
12360
12361
12362
12363
12364
12365
12366
12367
12368
12369
12370
12371
12372
12373
12374
12375
12376
12377
12378
12379
12380
12381
12382
12383
12384
12385
12386
12387
12388
12389
12390
12391
12392
12393
12399
12400
12401
12402
12403
12404
12405
12406
12407
12425
12426
12427
12428
12443
12444
12445
12446
12447
12448
12449
12450
12451
12452
12453
12454
12455
12456
12457
12458
12459
12460
12461
12462
12463
12464
12471
12472
12473
12474
12475
12476
12477
12478
12479
12480
12481
12482
12483
12500
12501
12502
12503
12504
12505
12506
12507
12508
12509
12510
12511
12512
12513
12514
12515
12516
12517
12518
12519
12520
12521
12522
12523
12524
12525
12526
12527
12528
12529
12530
12531
12532
12533
12534
12535
12536
12537
12538
12539
12544
12545
12546
12547
12548
12549
12550
12551
12552
12570
12571
12572
12573
12588
12589
12590
12591
12592
12593
12594
12595
12596
12597
12598
12599
12600
12601
12602
12603
12604
12605
12606
12607
12608
12609
12616
12617
12618
12619
12620
12621
12622
12623
12624
12625
12626
12627
12628
12645
12646
12647
12648
12649
12650
12651
12652
12653
12654
12655
12656
12657
12658
12659
12660
12661
12662
12663
12664
12665
12666
12667
12668
12669
12670
12671
12672
12673
12674
12675
12676
12677
12678
12679
12680
12681
12682
12683
12684
12689
12690
12691
12692
12693
12694
12695
12696
12697
12715
12716
12717
12718
12719
12733
12734
12735
12736
12737
12738
12739
12740
12741
12742
12743
12744
12745
12746
12747
12748
12749
12750
12751
12752
12753
12754
12761
12762
12763
12764
12765
12766
12767
12768
12769
12770
12771
12772
12773
12774
12795
12796
12797
12798
12799
12800
12801
12802
12803
12804
12805
12806
12807
12808
12809
12810
12811
12812
12813
12814
12815
12816
12817
12818
12819
12820
12821
12822
12823
12824
12825
12826
12827
12828
12829
12830
12834
12835
12836
12837
12838
12839
12840
12841
12842
12860
12861
12862
12863
12864
12865
12878
12879
12880
12881
12882
12883
12884
12885
12886
12887
12888
12889
12890
12891
12892
12893
12894
12895
12896
12897
12898
12899
12906
12907
12908
12909
12910
12911
12912
12913
12914
12915
12916
12917
12918
12919
12940
12941
12942
12943
12944
12945
12946
12947
12948
12949
12950
12951
12952
12953
12954
12955
12956
12957
12958
12959
12960
12961
12962
12963
12964
12965
12966
12967
12968
12969
12970
12971
12972
12973
12974
12975
12979
12980
12981
12982
12983
12984
12985
12986
12987
13005
13006
13007
13008
13009
13010
13011
13012
13013
13014
13015
13016
13017
13018
13023
13024
13025
13026
13027
13028
13029
13030
13031
13032
13033
13034
13035
13036
13037
13038
13039
13040
13041
13042
13043
13044
13051
13052
13053
13054
13055
13056
13057
13058
13059
13060
13061
13062
13063
13064
13085
13086
13087
13088
13089
13090
13091
13092
13093
13094
13095
13096
13097
13098
13099
13100
13101
13102
13103
13104
13105
13106
13107
13108
13109
13110
13111
13112
13113
13114
13115
13116
13117
13118
13119
13120
13121
13124
13125
13126
13127
13128
13129
13130
13131
13132
13150
13151
13152
13153
13154
13155
13156
13157
13158
13159
13160
13161
13162
13163
13168
13169
13170
13171
13172
13173
13174
13175
13176
13177
13178
13179
13180
13181
13182
13183
13184
13185
13186
13187
13188
13189
13196
13197
13198
13199
13200
13201
13202
13203
13204
13205
13206
13207
13208
13209
13228
13229
13230
13231
13232
13233
13234
13235
13236
13237
13238
13239
13240
13241
13242
13243
13244
13245
13246
13247
13248
13249
13250
13251
13252
13253
13254
13255
13256
13257
13258
13259
13260
13261
13262
13263
13264
13265
13266
13270
13271
13272
13273
13274
13275
13276
13277
13295
13296
13297
13298
13299
13300
13301
13302
13303
13304
13305
13306
13307
13308
13313
13314
13315
13316
13317
13318
13319
13320
13321
13322
13323
13324
13325
13326
13327
13328
13329
13330
13331
13332
13333
13334
13341
13342
13343
13344
13345
13346
13347
13348
13349
13350
13351
13352
13353
13354
13355
13373
13374
13375
13376
13377
13378
13379
13380
13381
13382
13383
13384
13385
13386
13387
13388
13389
13390
13391
13392
13393
13394
13395
13396
13397
13398
13399
13400
13401
13402
13403
13404
13405
13406
13407
13408
13409
13410
13411
13412
13415
13416
13417
13418
13419
13420
13421
13422
13440
13441
13442
13443
13444
13445
13446
13447
13448
13449
13450
13451
13452
13453
13458
13459
13460
13461
13462
13463
13464
13465
13466
13467
13468
13469
13470
13471
13472
13473
13474
13475
13476
13477
13478
13479
13486
13487
13488
13489
13490
13491
13492
13493
13494
13495
13496
13497
13498
13499
13500
13519
13520
13521
13522
13523
13524
13525
13526
13527
13528
13529
13530
13531
13532
13533
13534
13535
13536
13537
13538
13539
13540
13541
13542
13543
13544
13545
13546
13547
13548
13549
13550
13551
13552
13553
13554
13555
13556
13557
13560
13561
13562
13563
13564
13565
13566
13567
13585
13586
13587
13588
13589
13590
13591
13592
13593
13594
13595
13596
13597
13598
13603
13604
13605
13606
13607
13608
13609
13610
13611
13612
13613
13614
13615
13616
13617
13618
13619
13620
13621
13622
13623
13624
13631
13632
13633
13634
13635
13636
13637
13638
13639
13640
13641
13642
13643
13644
13645
13748
13749
13750
13751
13752
13753
13754
13755
13756
13757
13758
13759
13760
13761
13762
13763
13764
13765
13766
13767
13768
13769
13805
13818
13819
13820
13821
13822
13823
13824
13825
13826
13827
13828
13829
13830
13831
13832
13833
13834
13835
13836
13837
13838
13848
13893
13894
13895
13896
13897
13898
13899
13900
13901
13902
13903
13904
13905
13906
13907
13908
13909
13910
13911
13912
13913
13914
13950
13951
13952
13953
13954
13955
13956
13957
13958
13959
13963
13964
13965
13966
13967
13968
13969
13970
13971
13972
13973
13974
13975
13976
13977
13978
13979
13980
13981
13982
13983
13985
13986
13987
13988
13989
13990
13991
13992
13993
14038
14039
14040
14041
14042
14043
14044
14045
14046
14047
14048
14049
14050
14051
14052
14053
14054
14055
14056
14057
14058
14059
14066
14067
14068
14069
14070
14071
14072
14073
14074
14075
14076
14077
14078
14079
14080
14081
14082
14095
14096
14097
14098
14099
14100
14101
14102
14103
14104
14108
14109
14110
14111
14112
14113
14114
14115
14116
14117
14118
14119
14120
14121
14122
14123
14124
14125
14126
14127
14128
14131
14132
14133
14134
14135
14136
14137
14138
14183
14184
14185
14186
14187
14188
14189
14190
14191
14192
14193
14194
14195
14196
14197
14198
14199
14200
14201
14202
14203
14204
14211
14212
14213
14214
14215
14216
14217
14218
14219
14220
14221
14222
14223
14224
14225
14226
14227
14240
14241
14242
14243
14244
14245
14246
14247
14248
14249
14253
14254
14255
14256
14257
14258
14259
14260
14261
14262
14263
14264
14265
14266
14267
14268
14269
14270
14271
14272
14273
14277
14278
14279
14280
14281
14282
14283
14284
14328
14329
14330
14331
14332
14333
14334
14335
14336
14337
14338
14339
14340
14341
14342
14343
14344
14345
14346
14347
14348
14349
14356
14357
14358
14359
14360
14361
14362
14363
14364
14365
14366
14367
14368
14369
14370
14371
14372
14385
14386
14387
14388
14389
14390
14391
14392
14393
14394
14398
14399
14400
14401
14402
14403
14404
14405
14406
14407
14408
14409
14410
14411
14412
14413
14414
14415
14416
14417
14418
14423
14424
14425
14426
14427
14428
14429
14473
14474
14475
14476
14477
14478
14479
14480
14481
14482
14483
14484
14485
14486
14487
14488
14489
14490
14491
14492
14493
14494
14501
14502
14503
14504
14505
14506
14507
14508
14509
14510
14511
14512
14513
14514
14515
14516
14517
14530
14531
14532
14533
14534
14535
14536
14537
14538
14539
14541
14542
14543
14544
14545
14546
14547
14548
14549
14550
14551
14552
14553
14554
14555
14556
14557
14558
14559
14560
14561
14562
14563
14569
14570
14571
14572
14573
14574
14575
14618
14619
14620
14621
14622
14623
14624
14625
14626
14627
14628
14629
14630
14631
14632
14633
14634
14635
14636
14637
14638
14639
14646
14647
14648
14649
14650
14651
14652
14653
14654
14655
14656
14657
14658
14659
14660
14661
14662
14663
14675
14676
14677
14678
14679
14680
14681
14682
14683
14684
14686
14687
14688
14689
14690
14691
14692
14693
14694
14695
14696
14697
14698
14699
14700
14701
14702
14703
14704
14705
14706
14707
14708
14715
14716
14717
14718
14719
14720
14763
14764
14765
14766
14767
14768
14769
14770
14771
14772
14773
14774
14775
14776
14777
14778
14779
14780
14781
14782
14783
14784
14791
14792
14793
14794
14795
14796
14797
14798
14799
14800
14801
14802
14803
14804
14805
14806
14807
14808
14820
14821
14822
14823
14824
14825
14826
14827
14828
14829
14908
14909
14910
14911
14912
14913
14914
14915
14916
14917
14918
14919
14920
14921
14922
14923
14924
14925
14926
14927
14928
14929
14936
14937
14938
14939
14940
14941
14942
14943
14944
14945
14946
14947
14948
14949
14950
14951
14952
14953
14965
14966
14967
14968
14969
14970
14971
14972
14973
14974
14976
14977
14978
14979
14980
14981
14982
14983
14984
14985
14986
14987
14988
14989
14990
14991
14992
14993
14994
14995
14996
14997
14998
14999
15000
15053
15054
15055
15056
15057
15058
15059
15060
15061
15062
15063
15064
15065
15066
15067
15068
15069
15070
15071
15072
15073
15074
15081
15082
15083
15084
15085
15086
15087
15088
15089
15090
15091
15092
15093
15094
15095
15096
15097
15098
15099
15110
15111
15112
15113
15114
15115
15116
15117
15118
15119
15121
15122
15123
15124
15125
15126
15127
15128
15129
15130
15131
15132
15133
15134
15135
15136
15137
15138
15139
15140
15141
15142
15143
15144
15145
15198
15199
15200
15201
15202
15203
15204
15205
15206
15207
15208
15209
15210
15211
15212
15213
15214
15215
15216
15217
15218
15219
15226
15227
15228
15229
15230
15231
15232
15233
15234
15235
15236
15237
15238
15239
15240
15241
15242
15243
15244
15255
15256
15257
15258
15259
15260
15261
15262
15263
15264
15266
15267
15268
15269
15270
15271
15272
15273
15274
15275
15276
15277
15278
15279
15280
15281
15282
15283
15284
15285
15286
15287
15288
15289
15290
15343
15344
15345
15346
15347
15348
15349
15350
15351
15352
15353
15354
15355
15356
15357
15358
15359
15360
15361
15362
15363
15364
15371
15372
15373
15374
15375
15376
15377
15378
15379
15380
15381
15382
15383
15384
15385
15386
15387
15388
15389
15400
15401
15402
15403
15404
15405
15406
15407
15408
15409
15411
15412
15413
15414
15415
15416
15417
15418
15419
15420
15421
15422
15423
15424
15425
15426
15427
15428
15429
15430
15431
15432
15433
15434
15435
15488
15489
15490
15491
15492
15493
15494
15495
15496
15497
15498
15499
15500
15501
15502
15503
15504
15505
15506
15507
15508
15509
15516
15517
15518
15519
15520
15521
15522
15523
15524
15525
15526
15527
15528
15529
15530
15531
15532
15533
15534
15545
15546
15547
15548
15549
15550
15551
15552
15553
15554
15633
15634
15635
15636
15637
15638
15639
15640
15641
15642
15643
15644
15645
15646
15647
15648
15649
15650
15651
15652
15653
15654
15661
15662
15663
15664
15665
15666
15667
15668
15669
15670
15671
15672
15673
15674
15675
15676
15677
15678
15679
15680
15690
15691
15692
15693
15694
15695
15696
15697
15698
15699
15701
15702
15703
15704
15705
15706
15707
15708
15709
15710
15711
15712
15713
15714
15715
15716
15717
15718
15719
15720
15721
15722
15733
15734
15735
15736
15737
15738
15739
15778
15779
15780
15781
15782
15783
15784
15785
15786
15787
15788
15789
15790
15791
15792
15793
15794
15795
15796
15797
15798
15799
15806
15807
15808
15809
15810
15811
15812
15813
15814
15815
15816
15817
15818
15819
15820
15821
15822
15823
15824
15825
15835
15836
15837
15838
15839
15840
15841
15842
15843
15844
15846
15847
15848
15849
15850
15851
15852
15853
15854
15855
15856
15857
15858
15859
15860
15861
15862
15863
15864
15865
15866
15867
15878
15879
15880
15881
15882
15883
15884
15923
15924
15925
15926
15927
15928
15929
15930
15931
15932
15933
15934
15935
15936
15937
15938
15939
15940
15941
15942
15943
15944
15951
15952
15953
15954
15955
15956
15957
15958
15959
15960
15961
15962
15963
15964
15965
15966
15967
15968
15969
15970
15980
15981
15982
15983
15984
15985
15986
15987
15988
15989
15991
15992
15993
15994
15995
15996
15997
15998
15999
16000
16001
16002
16003
16004
16005
16006
16007
16008
16009
16010
16011
16012
16023
16024
16025
16026
16027
16028
16029
16068
16069
16070
16071
16072
16073
16074
16075
16076
16077
16078
16079
16080
16081
16082
16083
16084
16085
16086
16087
16088
16089
16096
16097
16098
16099
16100
16101
16102
16103
16104
16105
16106
16107
16108
16109
16110
16111
16112
16113
16114
16115
16116
16125
16126
16127
16128
16129
16130
16131
16132
16133
16134
16168
16169
16170
16171
16172
16173
16174
16213
16214
16215
16216
16217
16218
16219
16220
16221
16222
16223
16224
16225
16226
16227
16228
16229
16230
16231
16232
16233
16234
16241
16242
16243
16244
16245
16246
16247
16248
16249
16250
16251
16252
16253
16254
16255
16256
16257
16258
16259
16260
16261
16270
16271
16272
16273
16274
16275
16276
16277
16278
16279
16281
16282
16283
16284
16285
16286
16287
16288
16289
16290
16291
16292
16293
16294
16295
16296
16297
16298
16299
16300
16301
16302
16321
16358
16359
16360
16361
16362
16363
16364
16365
16366
16367
16368
16369
16370
16371
16372
16373
16374
16375
16376
16377
16378
16379
16386
16387
16388
16389
16390
16391
16392
16393
16394
16395
16396
16397
16398
16399
16400
16401
16402
16403
16404
16405
16406
16415
16416
16417
16418
16419
16420
16421
16422
16423
16424
16426
16427
16428
16429
16430
16431
16432
16433
16434
16435
16436
16437
16438
16439
16440
16441
16442
16443
16444
16445
16446
16447
16453
16454
16455
16456
16457
16458
16459
16460
16461
16462
16463
16464
16465
16466
16503
16504
16505
16506
16507
16508
16509
16510
16511
16512
16513
16514
16515
16516
16517
16518
16519
16520
16521
16522
16523
16524
16531
16532
16533
16534
16535
16536
16537
16538
16539
16540
16541
16542
16543
16544
16545
16546
16547
16548
16549
16550
16551
16560
16561
16562
16563
16564
16565
16566
16567
16568
16569
16571
16572
16573
16574
16575
16576
16577
16578
16579
16580
16581
16582
16583
16584
16585
16586
16587
16588
16589
16590
16591
16592
16598
16599
16600
16601
16602
16603
16604
16605
16606
16607
16608
16609
16610
16611
16648
16649
16650
16651
16652
16653
16654
16655
16656
16657
16658
16659
16660
16661
16662
16663
16664
16665
16666
16667
16668
16669
16676
16677
16678
16679
16680
16681
16682
16683
16684
16685
16686
16687
16688
16689
16690
16691
16692
16693
16694
16695
16696
16697
16705
16706
16707
16708
16709
16710
16711
16712
16713
16714
16716
16717
16718
16719
16720
16721
16722
16723
16724
16725
16726
16727
16728
16729
16730
16731
16732
16733
16734
16743
16744
16745
16746
16747
16748
16749
16750
16751
16752
16753
16754
16755
16756
16757
16793
16794
16795
16796
16797
16798
16799
16800
16801
16802
16803
16804
16805
16806
16807
16808
16809
16810
16811
16812
16813
16814
16821
16822
16823
16824
16825
16826
16827
16828
16829
16830
16831
16832
16833
16834
16835
16836
16837
16838
16839
16840
16841
16842
16850
16851
16852
16853
16854
16855
16856
16857
16858
16859
16861
16862
16863
16864
16865
16866
16867
16868
16869
16870
16871
16872
16873
16874
16875
16876
16877
16878
16879
16888
16889
16890
16891
16892
16893
16894
16895
16896
16897
16898
16899
16900
16901
16902
16938
16939
16940
16941
16942
16943
16944
16945
16946
16947
16948
16949
16950
16951
16952
16953
16954
16955
16956
16957
16958
16959
16966
16967
16968
16969
16970
16971
16972
16973
16974
16975
16976
16977
16978
16979
16980
16981
16982
16983
16984
16985
16986
16987
16995
16996
16997
16998
16999
17000
17001
17002
17003
17004
17006
17007
17008
17009
17010
17011
17012
17013
17014
17015
17016
17017
17018
17019
17020
17021
17022
17023
17024
17083
17084
17085
17086
17087
17088
17089
17090
17091
17092
17093
17094
17095
17096
17097
17098
17099
17100
17101
17102
17103
17104
17140
17141
17142
17143
17144
17145
17146
17147
17148
17149
17228
17229
17230
17231
17232
17233
17234
17235
17236
17237
17238
17239
17240
17241
17242
17243
17244
17245
17246
17247
17248
17249
17285
17286
17287
17288
17289
17290
17291
17292
17293
17294
17373
17374
17375
17376
17377
17378
17379
17380
17381
17382
17383
17384
17385
17386
17387
17388
17389
17390
17391
17392
17393
17394
17410
17411
17412
17413
17414
17415
17416
17417
17418
17419
17420
17518
17519
17520
17521
17522
17523
17524
17525
17526
17527
17528
17529
17530
17531
17532
17533
17534
17535
17536
17537
17538
17539
17555
17556
17557
17558
17559
17560
17561
17562
17563
17564
17565
17584
17585
17586
17587
17588
17589
17590
17591
17592
17593
17594
17595
17596
17597
17598
17599
17600
17601
17602
17603
17604
17605
17663
17664
17665
17666
17667
17668
17669
17670
17671
17672
17673
17674
17675
17676
17677
17678
17679
17680
17681
17682
17683
17684
17700
17701
17702
17703
17704
17705
17706
17707
17708
17709
17710
17728
17729
17730
17731
17732
17733
17734
17735
17736
17737
17738
17739
17740
17741
17742
17743
17744
17745
17746
17747
17748
17749
17750
17809
17810
17811
17812
17813
17814
17815
17816
17817
17818
17819
17820
17821
17822
17823
17824
17825
17826
17827
17828
17829
17845
17846
17847
17848
17849
17850
17851
17852
17853
17854
17855
17872
17873
17874
17875
17876
17877
17878
17879
17880
17881
17882
17883
17884
17885
17886
17887
17888
17889
17890
17891
17892
17893
17894
17895
17955
17956
17957
17958
17959
17960
17961
17962
17963
17964
17965
17966
17967
17968
17990
17991
17992
17993
17994
17995
17996
17997
17998
17999
18000
18016
18017
18018
18019
18020
18021
18022
18023
18024
18025
18026
18027
18028
18029
18030
18031
18032
18033
18034
18035
18036
18037
18038
18039
18040
18101
18102
18103
18104
18105
18106
18107
18108
18109
18110
18111
18112
18113
18135
18136
18137
18138
18139
18140
18141
18142
18143
18144
18145
18160
18161
18162
18163
18164
18165
18166
18167
18168
18169
18170
18171
18172
18173
18174
18175
18176
18177
18178
18179
18180
18181
18182
18183
18184
18185
18247
18248
18249
18250
18251
18252
18253
18254
18255
18256
18257
18280
18281
18282
18283
18284
18285
18286
18287
18288
18289
18290
18291
18304
18305
18306
18307
18308
18309
18310
18311
18312
18313
18314
18315
18316
18317
18318
18319
18320
18321
18322
18323
18324
18325
18326
18327
18328
18329
18330
18393
18394
18395
18396
18397
18398
18399
18400
18401
18402
18425
18426
18427
18428
18429
18430
18431
18432
18433
18434
18435
18436
18437
18438
18449
18450
18451
18452
18453
18454
18455
18456
18457
18458
18459
18460
18461
18462
18463
18464
18465
18466
18467
18468
18469
18470
18471
18472
18473
18474
18475
18570
18571
18572
18573
18574
18575
18576
18577
18578
18579
18580
18581
18582
18583
18594
18595
18596
18597
18598
18599
18600
18601
18602
18603
18604
18605
18606
18607
18608
18609
18610
18611
18612
18613
18614
18615
18616
18617
18618
18619
18620
18715
18716
18717
18718
18719
18720
18721
18722
18723
18724
18725
18726
18727
18728
18739
18740
18741
18742
18743
18744
18745
18746
18747
18748
18749
18750
18751
18752
18753
18754
18755
18756
18757
18758
18759
18760
18761
18762
18763
18764
18765
18885
18886
18887
18888
18889
18890
18891
18892
18893
18894
18895
18896
18897
18898
18899
18900
18901
18902
18903
18904
18905
18906
18907
18908
18909
18910
19030
19031
19032
19033
19034
19035
19036
19037
19038
19039
19040
19041
19042
19043
19044
19045
19046
19047
19048
19049
19050
19051
19052
19053
19054
19055
19175
19176
19177
19178
19179
19180
19181
19182
19183
19184
19185
19186
19187
19188
19189
19190
19191
19192
19193
19194
19195
19196
19197
19198
19199
19200
19321
19322
19323
19324
19325
19326
19327
19328
19329
19330
19331
19332
19333
19334
19335
19336
19337
19338
19339
19340
19341
19342
19343
19344
19345
19466
19467
19468
19469
19470
19471
19472
19473
19474
19475
19476
19477
19478
19479
19480
19481
19482
19483
19484
19485
19486
19487
19488
19489
19490
19611
19612
19613
19614
19615
19616
19617
19618
19619
19620
19621
19622
19623
19624
19625
19626
19627
19628
19629
19630
19631
19632
19633
19634
19635
19756
19757
19758
19759
19760
19761
19762
19763
19764
19765
19766
19767
19768
19769
19770
19771
19772
19773
19774
19775
19776
19777
19778
19779
19780
19902
19903
19904
19905
19906
19907
19908
19909
19910
19911
19912
19913
19914
19915
19916
19917
19918
19919
19920
19921
19922
19923
19924
19925
20047
20048
20049
20050
20051
20052
20053
20054
20055
20056
20057
20058
20059
20060
20061
20062
20063
20064
20065
20066
20067
20068
20069
20070
20192
20193
20194
20195
20196
20197
20198
20199
20200
20201
20202
20203
20204
20205
20206
20207
20208
20209
20210
20211
20212
20213
20214
20215
