0.6056056056056056
-0.6056056056056056
-0.32932932932932935
-0.7957957957957958
0.7657657657657657
0.6476476476476476
0.26926926926926925
-0.2772772772772773
0.25925925925925924
0.35735735735735735
0.5795795795795796
-0.9279279279279279
-0.6356356356356356
-0.5055055055055055
0.6196196196196196
-0.6496496496496497
0.9119119119119119
-0.15115115115115116
-0.19519519519519518
-0.7717717717717718
0.6516516516516516
0.6576576576576577
0.8118118118118118
0.4074074074074074
0.47347347347347346
-0.2552552552552553
-0.6776776776776777
-0.8298298298298298
0.9219219219219219
0.6036036036036037
-0.9059059059059059
0.4874874874874875
0.3813813813813814
0.8158158158158159
0.3713713713713714
-0.8678678678678678
-0.04104104104104104
0.4934934934934935
0.4854854854854855
0.2832832832832833
0.007007007007007007
-0.9039039039039038
0.8478478478478478
0.47147147147147145
0.3253253253253253
-0.4014014014014014
-0.20520520520520522
-0.3073073073073073
-0.7697697697697697
0.9819819819819819
-0.8698698698698699
-0.7257257257257257
0.7057057057057057
0.4314314314314314
-0.5895895895895896
-0.44744744744744747
-0.3533533533533533
-0.1931931931931932
-0.987987987987988
-0.8618618618618619
-0.8658658658658659
-0.30930930930930933
-0.05105105105105105
-0.3993993993993994
0.4974974974974975
0.2952952952952953
-0.4134134134134134
-0.38738738738738737
-0.13313313313313313
0.6256256256256256
-0.6476476476476476
0.5375375375375375
-0.35535535535535534
0.28928928928928926
0.34134134134134136
-0.42542542542542544
-0.913913913913914
-0.93993993993994
-0.5615615615615616
0.33733733733733734
0.45345345345345345
0.8138138138138138
0.5435435435435435
0.5755755755755756
-0.07707707707707707
-0.47147147147147145
-0.7277277277277278
-0.38538538538538536
-0.6296296296296297
0.5195195195195195
-0.6656656656656657
0.5895895895895896
0.7237237237237237
0.04504504504504504
0.6676676676676677
0.6436436436436437
0.37737737737737737
-0.27927927927927926
0.2732732732732733
-0.001001001001001001
0.5415415415415415
-0.5255255255255256
0.7617617617617618
0.7137137137137137
-0.14314314314314314
-0.7057057057057057
0.24724724724724725
0.7717717717717718
0.15315315315315314
-0.3633633633633634
0.7397397397397397
-0.5555555555555556
0.1891891891891892
-0.9359359359359359
-0.7097097097097097
0.7577577577577578
0.933933933933934
0.46346346346346345
0.10710710710710711
-0.13713713713713713
-0.8918918918918919
-0.5735735735735735
-0.9459459459459459
0.1111111111111111
0.2012012012012012
0.8398398398398398
-0.26926926926926925
-0.6516516516516516
-0.37737737737737737
-0.7417417417417418
-0.057057057057057055
-0.5375375375375375
0.7997997997997998
0.07507507507507508
-0.44344344344344344
0.14514514514514515
-0.7337337337337337
-0.8038038038038038
0.7357357357357357
0.7417417417417418
-0.24924924924924924
-0.6736736736736737
0.03303303303303303
-0.6096096096096096
-0.6696696696696697
-0.6036036036036037
0.5295295295295295
0.33133133133133136
0.995995995995996
0.9179179179179179
0.3733733733733734
-0.9619619619619619
-0.4934934934934935
0.11711711711711711
0.965965965965966
-0.7677677677677678
-0.953953953953954
0.5815815815815816
0.11511511511511512
0.05305305305305305
-0.9019019019019019
0.2972972972972973
0.3993993993993994
0.4754754754754755
0.055055055055055056
0.6276276276276276
-0.2832832832832833
-0.025025025025025027
0.3793793793793794
-0.4394394394394394
-0.6716716716716716
0.06906906906906907
0.8078078078078078
0.27927927927927926
0.8378378378378378
-0.43543543543543545
0.3113113113113113
-0.6536536536536537
-0.5215215215215215
0.8798798798798799
0.22122122122122123
0.2072072072072072
-0.27127127127127126
0.23323323323323322
-0.8178178178178178
-0.6916916916916916
0.001001001001001001
-0.7617617617617618
0.1991991991991992
0.973973973973974
0.33933933933933935
0.17917917917917917
-0.16316316316316315
-0.2732732732732733
-0.2672672672672673
0.40540540540540543
-0.7157157157157157
-0.011011011011011011
-0.5475475475475475
0.5175175175175175
-0.2032032032032032
0.3913913913913914
0.5075075075075075
0.3153153153153153
0.6916916916916916
0.42742742742742745
-0.8098098098098098
0.07707707707707707
-0.6636636636636637
0.6756756756756757
0.6456456456456456
-0.2652652652652653
-0.18118118118118118
-0.7917917917917918
-0.5675675675675675
0.3173173173173173
0.5215215215215215
0.01701701701701702
-0.44144144144144143
0.3053053053053053
0.943943943943944
0.5615615615615616
0.5775775775775776
-0.6756756756756757
-0.91991991991992
-0.23723723723723725
-0.6076076076076076
-0.965965965965966
0.8718718718718719
0.6296296296296297
-0.997997997997998
-0.8798798798798799
-0.45545545545545546
-0.4994994994994995
0.97997997997998
0.2652652652652653
0.6556556556556556
-0.4894894894894895
0.6956956956956957
-0.4214214214214214
0.6896896896896897
-0.8358358358358359
0.23723723723723725
0.6116116116116116
-0.023023023023023025
-0.09109109109109109
-0.3353353353353353
-0.10510510510510511
0.025025025025025027
0.22722722722722724
0.5855855855855856
0.35535535535535534
-0.933933933933934
0.9419419419419419
-0.2912912912912913
-0.031031031031031032
0.8538538538538538
-0.8318318318318318
0.2912912912912913
-0.4954954954954955
0.8518518518518519
-0.14514514514514515
0.36536536536536535
0.9479479479479479
-0.7897897897897898
-0.8638638638638638
0.17717717717717718
-1.0
-0.8198198198198198
-0.06706706706706707
0.5595595595595596
0.23123123123123124
-0.035035035035035036
0.8238238238238238
-0.983983983983984
-0.4094094094094094
-0.5595595595595596
-0.8878878878878879
-0.5535535535535535
0.46546546546546547
-0.3333333333333333
-0.34534534534534533
0.4574574574574575
-0.8218218218218218
0.5115115115115115
-0.4754754754754755
0.7037037037037037
-0.7777777777777778
0.34534534534534533
-0.6116116116116116
0.13713713713713713
-0.37537537537537535
-0.8418418418418419
0.7077077077077077
-0.7477477477477478
0.8698698698698699
-0.16916916916916916
-0.01701701701701702
-0.17517517517517517
0.057057057057057055
-0.15915915915915915
0.7277277277277278
-0.4974974974974975
0.5735735735735735
0.8038038038038038
0.7897897897897898
-0.43743743743743746
-0.22322322322322322
0.993993993993994
0.6596596596596597
0.12912912912912913
-0.8278278278278278
-0.24124124124124124
0.2932932932932933
0.42542542542542544
0.22322322322322322
0.5335335335335335
-0.5295295295295295
0.7177177177177178
0.37537537537537535
-0.5155155155155156
-0.3813813813813814
0.7697697697697697
0.037037037037037035
0.44344344344344344
0.7157157157157157
-0.3053053053053053
-0.007007007007007007
-0.6956956956956957
0.6796796796796797
-0.6796796796796797
0.5475475475475475
-0.955955955955956
-0.6816816816816816
0.02702702702702703
0.975975975975976
0.5995995995995996
-0.03903903903903904
0.08508508508508508
0.19119119119119118
-0.3913913913913914
0.7857857857857858
0.01901901901901902
0.92992992992993
0.7917917917917918
-0.28928928928928926
-0.6176176176176176
0.7797797797797797
-0.4574574574574575
0.9359359359359359
0.4954954954954955
0.3353353353353353
0.4594594594594595
0.7877877877877878
0.25325325325325326
0.12312312312312312
-0.24524524524524524
-0.17917917917917917
-0.1891891891891892
-0.12912912912912913
0.4034034034034034
-0.9379379379379379
0.005005005005005005
-0.8818818818818819
-0.3713713713713714
-0.02702702702702703
0.7737737737737738
-0.1091091091091091
0.8618618618618619
-0.6856856856856857
0.5355355355355356
-0.8238238238238238
-0.08108108108108109
-0.7497497497497497
0.5055055055055055
-0.985985985985986
-0.993993993993994
0.31931931931931934
-0.1991991991991992
0.9099099099099099
-0.7197197197197197
0.8318318318318318
0.5255255255255256
0.6856856856856857
-0.4674674674674675
0.923923923923924
0.4294294294294294
-0.7317317317317318
-0.25925925925925924
0.8178178178178178
0.48148148148148145
-0.2072072072072072
-0.3973973973973974
0.9319319319319319
0.8018018018018018
0.3033033033033033
-0.34734734734734735
-0.35935935935935936
0.05905905905905906
-0.7377377377377378
-0.9159159159159159
-0.5415415415415415
-0.9079079079079079
-0.7017017017017017
-0.8498498498498499
-0.7397397397397397
-0.96996996996997
-0.47347347347347346
-0.6236236236236237
-0.3033033033033033
0.32732732732732733
-0.2092092092092092
0.6156156156156156
0.3933933933933934
0.1031031031031031
-0.6976976976976977
-0.8538538538538538
-0.32732732732732733
0.4094094094094094
-0.7577577577577578
0.003003003003003003
-0.98998998998999
-0.9119119119119119
0.2172172172172172
-0.8958958958958959
-0.5115115115115115
0.16316316316316315
0.5835835835835835
0.8058058058058059
0.3213213213213213
0.013013013013013013
-0.09509509509509509
-0.3253253253253253
0.5155155155155156
0.5235235235235235
-0.13113113113113112
-0.34134134134134136
-0.3233233233233233
-0.3113113113113113
-0.4294294294294294
-0.04504504504504504
-0.17117117117117117
-0.24724724724724725
0.35935935935935936
-0.5935935935935935
-0.5655655655655656
0.3533533533533533
-0.7817817817817818
-0.8058058058058059
0.3333333333333333
0.8918918918918919
-0.12112112112112113
-0.5015015015015015
0.22522522522522523
-0.7637637637637638
-0.35735735735735735
0.17517517517517517
-0.8438438438438438
-0.8738738738738738
-0.9099099099099099
0.7457457457457457
0.4134134134134134
-0.7557557557557557
-0.943943943943944
0.34934934934934936
0.25125125125125125
0.6316316316316316
-0.6396396396396397
-0.46546546546546547
0.6976976976976977
0.5875875875875876
-0.3833833833833834
0.3013013013013013
-0.8118118118118118
0.7217217217217218
0.14314314314314314
0.8658658658658659
0.7197197197197197
0.3233233233233233
-0.13913913913913914
0.3433433433433433
0.14714714714714713
-0.0990990990990991
-0.6896896896896897
-0.06106106106106106
0.1091091091091091
0.6816816816816816
0.06306306306306306
0.16116116116116116
-0.043043043043043044
0.15515515515515516
0.2872872872872873
-0.7737737737737738
-0.26126126126126126
-0.003003003003003003
0.14914914914914915
0.983983983983984
-0.5315315315315315
-0.6196196196196196
0.9679679679679679
0.7937937937937938
0.7597597597597597
0.6416416416416416
0.15715715715715717
-0.8858858858858859
-0.9719719719719719
-0.12312312312312312
-0.8338338338338338
0.9059059059059059
0.05105105105105105
-0.977977977977978
-0.07107107107107107
0.6016016016016016
0.6336336336336337
0.3833833833833834
0.25725725725725723
0.7817817817817818
0.8818818818818819
-0.3133133133133133
0.977977977977978
-0.40540540540540543
0.963963963963964
-0.5455455455455456
0.7677677677677678
0.7017017017017017
0.09109109109109109
0.6496496496496497
0.2752752752752753
0.4794794794794795
-0.5175175175175175
-0.923923923923924
-0.33733733733733734
-0.5095095095095095
0.6776776776776777
0.3133133133133133
-0.31931931931931934
0.46146146146146144
0.7517517517517518
0.8498498498498499
-0.09309309309309309
-0.33133133133133136
0.36736736736736736
0.6176176176176176
-0.23523523523523523
-0.6136136136136137
-0.3733733733733734
0.24524524524524524
0.5675675675675675
-0.6596596596596597
-0.24324324324324326
0.8758758758758759
-0.15715715715715717
0.96996996996997
0.1011011011011011
0.5035035035035035
-0.5815815815815816
-0.6576576576576577
0.34734734734734735
0.12512512512512514
0.91991991991992
0.23523523523523523
0.0990990990990991
-0.25325325325325326
-0.5775775775775776
-0.8458458458458459
0.13513513513513514
0.43543543543543545
-0.5795795795795796
0.6096096096096096
0.17317317317317318
-0.14714714714714713
-0.9319319319319319
0.4674674674674675
0.7477477477477478
0.11311311311311312
0.8958958958958959
-0.36536536536536535
-0.9259259259259259
0.6636636636636637
0.02902902902902903
0.9519519519519519
-0.15315315315315314
-0.6016016016016016
0.9159159159159159
0.5915915915915916
0.24124124124124124
0.3613613613613614
0.5935935935935935
0.7757757757757757
0.18518518518518517
0.021021021021021023
-0.7237237237237237
0.7977977977977978
0.8778778778778779
0.43343343343343343
-0.5235235235235235
0.8638638638638638
-0.01901901901901902
-0.34934934934934936
-0.5495495495495496
0.08708708708708708
-0.43343343343343343
0.8578578578578578
-0.5135135135135135
0.8998998998998999
0.8938938938938938
-0.9219219219219219
-0.6836836836836837
0.98998998998999
-0.15515515515515516
-0.6156156156156156
-0.2172172172172172
-0.7597597597597597
-0.8578578578578578
0.17117117117117117
-0.13513513513513514
-0.1011011011011011
0.5655655655655656
-0.2752752752752753
0.42342342342342343
0.30930930930930933
-0.42742742742742745
0.8418418418418419
0.35135135135135137
-0.5035035035035035
-0.7657657657657657
0.28128128128128127
-0.1831831831831832
-0.3153153153153153
-0.7997997997997998
0.015015015015015015
0.27127127127127126
0.04904904904904905
-0.8138138138138138
-0.4114114114114114
0.5495495495495496
-0.06306306306306306
-0.92992992992993
0.2132132132132132
0.5095095095095095
-0.037037037037037035
-0.11311311311311312
-0.5875875875875876
0.7317317317317318
-0.97997997997998
0.9719719719719719
-0.4074074074074074
-0.16516516516516516
-0.03303303303303303
-0.2132132132132132
0.41541541541541543
-0.08708708708708708
-0.7457457457457457
0.48348348348348347
0.6616616616616616
0.09309309309309309
0.5575575575575575
-0.021021021021021023
-0.6376376376376376
-0.7757757757757757
0.6076076076076076
-0.7137137137137137
-0.2952952952952953
-0.95995995995996
0.5955955955955956
0.7257257257257257
-0.8718718718718719
-0.22522522522522523
-0.7857857857857858
0.8258258258258259
-0.3173173173173173
0.12712712712712712
-0.4494494494494494
-0.7837837837837838
-0.46146146146146144
-0.06906906906906907
0.8198198198198198
-0.8598598598598599
-0.45145145145145144
-0.6996996996996997
-0.02902902902902903
0.8278278278278278
-0.5275275275275275
0.7337337337337337
0.95995995995996
-0.36936936936936937
-0.9519519519519519
0.6356356356356356
-0.5955955955955956
-0.5755755755755756
0.8338338338338338
-0.6676676676676677
0.24324324324324326
-0.10710710710710711
0.8678678678678678
0.8098098098098098
-0.3013013013013013
-0.0890890890890891
-0.4794794794794795
-0.6556556556556556
0.011011011011011011
-0.055055055055055056
-0.5515515515515516
-0.6216216216216216
-0.5395395395395396
-0.19119119119119118
0.08108108108108109
-0.5835835835835835
0.8858858858858859
0.031031031031031032
-0.14114114114114115
0.6216216216216216
0.5695695695695696
0.043043043043043044
-0.8838838838838838
-0.25725725725725723
-0.07907907907907907
-0.963963963963964
0.5395395395395396
-0.16116116116116116
0.9039039039039038
-0.7517517517517518
0.4774774774774775
0.5455455455455456
-0.23123123123123124
-0.16716716716716717
-0.7177177177177178
0.9079079079079079
-0.005005005005005005
-0.35135135135135137
-0.7437437437437437
-0.21121121121121122
0.7537537537537538
-0.36736736736736736
0.7497497497497497
0.0890890890890891
-0.995995995995996
-0.7877877877877878
0.13913913913913914
0.44544544544544545
-0.42342342342342343
0.07107107107107107
0.7117117117117117
0.4014014014014014
-0.5715715715715716
-0.41541541541541543
0.8438438438438438
0.3633633633633634
-0.4314314314314314
-0.4174174174174174
0.5975975975975976
-0.6416416416416416
-0.07507507507507508
0.8898898898898899
0.4914914914914915
0.987987987987988
0.15915915915915915
0.08308308308308308
0.6396396396396397
0.2772772772772773
-0.48348348348348347
0.1931931931931932
-0.6336336336336337
0.7637637637637638
0.6376376376376376
-0.5855855855855856
0.8298298298298298
-0.9479479479479479
0.7377377377377378
0.6656656656656657
-0.991991991991992
0.07907907907907907
0.5715715715715716
0.26126126126126126
0.4894894894894895
0.3953953953953954
0.6236236236236237
-0.5355355355355356
0.21121121121121122
-0.4854854854854855
-0.5335335335335335
-0.11511511511511512
-0.7797797797797797
-0.8978978978978979
-0.2992992992992993
-0.8478478478478478
-0.45345345345345345
0.07307307307307308
-0.8998998998998999
-0.04904904904904905
0.997997997997998
-0.6276276276276276
-0.07307307307307308
0.1871871871871872
0.6996996996996997
0.4994994994994995
-0.6936936936936937
-0.8898898898898899
-0.7297297297297297
0.5535535535535535
-0.18518518518518517
0.14114114114114115
0.953953953953954
0.955955955955956
0.4694694694694695
-0.9579579579579579
-0.8378378378378378
-0.0970970970970971
-0.8778778778778779
-0.11711711711711711
-0.1031031031031031
0.9259259259259259
0.035035035035035036
0.06506506506506507
-0.08508508508508508
-0.4874874874874875
0.5515515515515516
0.913913913913914
0.991991991991992
-0.009009009009009009
-0.1111111111111111
0.38738738738738737
-0.48148148148148145
-0.5075075075075075
-0.17717717717717718
0.3073073073073073
0.93993993993994
0.2092092092092092
0.9279279279279279
-0.23923923923923923
0.10510510510510511
0.6736736736736737
0.11911911911911911
0.15115115115115116
0.1971971971971972
-0.6316316316316316
0.44144144144144143
-0.8558558558558559
0.4114114114114114
-0.1871871871871872
-0.2932932932932933
0.6716716716716716
0.9379379379379379
0.8878878878878879
-0.4034034034034034
-0.4194194194194194
0.32932932932932935
0.13113113113113112
0.8838838838838838
0.6836836836836837
0.06106106106106106
-0.8158158158158159
0.22922922922922923
-0.5995995995995996
-0.21521521521521522
-0.8518518518518519
0.7777777777777778
0.2672672672672673
-0.1971971971971972
-0.8398398398398398
0.24924924924924924
-0.975975975975976
0.1831831831831832
-0.5435435435435435
0.4494494494494494
-0.5195195195195195
0.8738738738738738
-0.3613613613613614
0.4174174174174174
0.4194194194194194
0.43743743743743746
-0.5975975975975976
0.5315315315315315
0.9619619619619619
0.2992992992992993
0.36936936936936937
0.7557557557557557
-0.8078078078078078
0.6936936936936937
0.2852852852852853
-0.7537537537537538
0.7837837837837838
-0.3213213213213213
-0.9679679679679679
-0.2972972972972973
-0.8938938938938938
-0.11911911911911911
0.19519519519519518
-0.5635635635635635
0.18118118118118118
-0.6436436436436437
0.13313313313313313
-0.12712712712712712
-0.22122122122122123
0.44744744744744747
-0.5695695695695696
0.5135135135135135
-0.9819819819819819
0.9019019019019019
-0.8258258258258259
0.23923923923923923
-0.6256256256256256
0.5555555555555556
0.8218218218218218
-0.4694694694694695
-0.7977977977977978
0.6136136136136137
-0.08308308308308308
0.45545545545545546
0.9459459459459459
0.8358358358358359
-0.05905905905905906
0.04704704704704705
0.985985985985986
-0.4774774774774775
0.0970970970970971
-0.3893893893893894
0.4394394394394394
0.8598598598598599
-0.12512512512512514
0.3973973973973974
-0.33933933933933935
0.20520520520520522
0.94994994994995
-0.17317317317317318
-0.28128128128128127
-0.6456456456456456
0.7297297297297297
-0.7077077077077077
-0.7037037037037037
0.009009009009009009
0.16716716716716717
0.16916916916916916
1.0
-0.3793793793793794
-0.8758758758758759
-0.3433433433433433
-0.44544544544544545
-0.8018018018018018
0.8558558558558559
0.6696696696696697
-0.4914914914914915
0.21521521521521522
-0.14914914914914915
-0.46346346346346345
0.4214214214214214
0.2552552552552553
-0.26326326326326327
-0.6876876876876877
-0.7217217217217218
0.2032032032032032
-0.05305305305305305
-0.5575575575575575
0.04104104104104104
0.06706706706706707
-0.3953953953953954
-0.2852852852852853
0.45145145145145144
0.26326326326326327
0.3893893893893894
0.09509509509509509
0.03903903903903904
0.9579579579579579
0.5015015015015015
0.7957957957957958
-0.7937937937937938
0.16516516516516516
-0.21921921921921922
0.21921921921921922
0.6876876876876877
0.7437437437437437
-0.9419419419419419
-0.2012012012012012
-0.25125125125125125
-0.973973973973974
0.38538538538538536
-0.23323323323323322
-0.015015015015015015
-0.3933933933933934
0.8458458458458459
0.5275275275275275
0.8978978978978979
-0.9179179179179179
-0.6616616616616616
-0.22922922922922923
-0.013013013013013013
-0.22722722722722724
-0.06506506506506507
-0.5915915915915916
-0.04704704704704705
-0.2872872872872873
0.023023023023023025
0.5635635635635635
-0.94994994994995
-0.4594594594594595
-0.7357357357357357
-0.7117117117117117
0.7097097097097097
0.6536536536536537
0.12112112112112113
