-0.9559136350762336
0.9433759024699876
1.006589566875107
0.9549008924047405
-1.0561288860872635
-1.0024368746644903
-1.0533419456248283
0.9398293317137993
-0.9982224574496836
-1.0318243582142863
-0.9244229836228868
1.0494574102181833
0.9554724829326419
0.9775465679881872
-1.0752010230428473
1.0835994429212914
-1.0374441967158075
1.0710151179583431
0.9303441566133475
1.0850836647258264
-0.9909278296252209
-1.0181513993516291
-0.992596449630924
-1.093746284077942
-1.0556460726556578
0.933803201540762
0.9012925363946118
0.9711617681618425
-0.9280537230733459
-1.025598597790928
0.9940852819882177
-0.9033220483968184
-1.0583409252723768
-1.0500155253913006
-1.098573639162829
0.9266130893499761
1.060377692513932
-1.0980979783231803
-0.9529645906750583
-0.9592901273005999
-0.9491318438544426
0.9846795870398001
-0.9560641609189
-1.0662171057110164
-1.0144225145669326
0.9203112787148132
1.0460949547752292
0.9787980980136393
0.9176843948277877
-0.906718513940566
0.9126751325410438
1.0564500908366228
-0.9900478033300425
-0.9831832592738006
0.9277456246707886
0.9378875552542978
0.9722626734233729
1.0894269193398305
1.0641102714343844
1.0227200732684762
1.0833936555069263
1.0590220764559968
1.0551073564790518
1.0191276208808406
-0.979612234933873
-1.0007830815587826
0.9375642255747854
1.0891671389938538
1.081979043668588
-1.01337146818868
0.9297813409875493
-0.9170531433566027
0.9355661324824882
-1.0980264446812595
-0.9186853678987573
0.9304347584945738
0.9770287378825935
0.9996661812858137
0.935241002503459
-1.0801095812082853
-0.9336168985302151
-0.9628507533694283
-1.097616416569862
-0.9800698696245821
1.078421576024709
1.0581364209728632
0.9298500638964804
1.097347844936115
0.9747300847604735
-1.0728950132740054
0.985394558245034
-0.9746437794643151
-1.090536527463306
-1.024538472556381
-0.9964637065376823
-1.0795876163364977
-0.9083968751678209
0.9868299570032166
-1.0451082142825987
0.9879044235715997
-0.9589900886198662
1.081999199332903
-1.0380710957647796
-0.936806445667372
1.0468388936742385
0.9294022486950043
-0.9730172499342447
-0.9249813307998336
-1.005655905704707
1.0072982973255458
-1.050225003745772
1.0907145057187302
-0.9303154677049088
0.9649972537391645
1.0278734871349036
-0.9569142719640061
-0.9544543233541711
-0.9118692209454954
-1.0416816239864066
1.029159502353157
0.9769333303255238
1.0121649945018367
1.0114183116538953
-1.0159845878134186
-0.9483266392031754
-1.0536904375953706
0.994055830375602
1.0547260133614953
0.9385338480994234
0.9139805727422775
1.0887896138171282
0.9570002339614666
-1.0502971925752682
-0.9124914595662352
1.0078015946209735
-0.9920602110233235
0.9436117719771059
1.0912813740245448
-1.0111756226424187
-1.0416794656589798
1.011355400236255
0.9035743951645729
-0.9107324604912403
0.9199068196581871
1.0980378011914738
1.0644486343440092
-1.07010807435868
-0.9164715873116367
-0.9085474333471115
-1.0756419082552675
-1.0829221488855727
0.9804264637932
0.91115318850908
-0.9584454876564189
-0.9025238816373804
1.0974065987444594
0.9622963614817452
-0.9519404114634616
-0.932679139943029
-1.0607039998148293
0.9542686587985864
-1.0163065179263602
-0.9419711154838942
-1.0011555095982831
-0.9345568291960931
-1.0851706889807042
0.9092179942478311
1.0597139881179447
-0.9149018488127563
0.9579816726709591
1.041503887415777
-1.0907094373871555
-1.0613669107861448
-1.0079332461384687
-1.0858197069609912
1.098220780154085
-0.9043352355315304
1.0621902639197873
0.9336922258691651
-0.9835792268179615
-0.9550880650992449
-1.0104100821510218
0.9091084880088581
-0.9537893149014551
1.0271426874272271
0.9837603167014369
-0.9802833944429283
1.0812688867910643
-1.0298634467866763
-1.0652188443581845
-1.0971875793418504
-1.0174445808590662
1.0380721923625127
1.0398437277025883
1.043033861439211
-1.0375439894835785
1.0772836298151307
1.0133260196125826
1.0750355381333532
-0.9394741787967794
1.093524890684712
-1.0953173646435324
-0.9333268781810398
-0.9583235179167506
-0.957068758589371
-0.9935937630785893
1.0645262597853833
-1.0532695734001465
0.9423987922014712
-1.0310020798823973
-1.059494988987991
0.9969838165997217
0.9635332379265422
0.9854343917154038
0.9143526955372993
-1.051013778897459
-0.9794781829124286
-0.9893304528384952
0.9945595183090086
-1.0244989031955385
-0.9087326979907682
-1.0398118585899432
-0.9483581429483452
1.00922067575946
0.916159851099665
0.9416254813830411
0.9208966952921609
0.9545034540961405
-0.9757822930236022
-1.0086231830419643
1.0734795326511182
0.9588855810496307
0.9489209251103753
1.067808676230767
-0.9889923776682699
-1.0733901654190068
-1.0048261946305563
0.9867485375872198
-1.0769188049157215
0.9129617219257976
-1.081397386293004
1.0628242009215576
-0.9247337007100254
-1.011262197027467
1.0364509747443096
0.9909283742578353
1.0944743477317558
0.9197873440427304
-0.9730021586623259
-0.962887452159445
-1.096461642643054
-1.0086702537941725
0.946295688967006
-1.089323006498326
1.0094009696778148
0.9154302478332587
-1.0899571430723476
0.9599325681794352
-0.9384331509061484
0.9287064054074288
-1.0428616808456486
1.0449287024572274
-1.0789030827096469
-0.9739380801935162
1.0198995883505673
0.9681588675599739
-0.9692449765599698
1.0948619367472259
1.0965153418976528
1.0659980094759136
-1.0647575035999692
-1.028189003317403
0.9227978423234964
-1.0114849481172103
0.9887106732024483
1.0008748762695214
0.9113680073070025
1.0036196246246958
1.015280833605939
-0.9386518758522957
1.0222921472502895
0.9425890625536695
-1.0578379148296284
0.9463401427587124
-0.982660969086875
0.9788414353203254
-1.0332934181094495
0.9065671360080291
-1.053809247207541
0.9865029818771013
-1.057866597773648
1.029134475646517
1.0611497257802898
-0.9286510918815855
0.9034354958661432
-1.0987669907774011
0.93345155126982
1.0636888026886826
0.9117018112599117
-0.9567058741622299
0.9111272411827764
-0.995564075409972
1.0899004778724972
-1.032919948101962
-1.0858553372593671
-1.0748847895186495
0.948995268953226
0.9898874779774051
-1.0391594783477673
-1.0803118594023557
-0.9166684469230837
1.0898414333050033
0.9784952657186783
-0.9207267329785248
-0.9516553045065448
-0.9278624081609952
-1.0077855110449636
0.9093290550255135
-0.917240660442495
-0.9866050136648236
0.9128212133427858
1.04687719487174
-1.000971359033797
-0.9068778222719178
-1.0181023348040903
-0.9480860407923646
0.9740833865508678
0.9770719353067334
0.9570079172578676
-0.9217688025359576
1.0564043455220167
-0.9977571659617179
1.0827259652204202
1.043286126518073
-0.9361914053471831
-1.0041731366488866
-1.0346675549493154
1.0785661196340985
-0.9456764890260285
-0.9444317755279668
0.9387318819026282
-0.9747746933265757
-0.9693698697112663
-0.9966991173835573
-0.9633619307594663
0.9695562225436257
1.0475811450673576
-1.034747958584892
1.03218488040316
-0.9302857777147111
-1.0876601189441866
-1.0460857421825598
-1.0976637521690067
-1.0129566736530895
-0.9462588845123077
-1.0700713567038407
1.035734682100669
0.971115989355049
0.9560303616835247
0.930398726357047
-1.075361477099615
0.9658767352659859
-0.9216668547456367
1.0793376299126696
1.0830410386660114
0.9772031764307599
-1.0506838002542829
0.9131951305308246
-1.0967644861622505
1.0448680836756303
-0.9444535349838588
0.9379554462117039
1.01086886152265
1.005950090135857
-0.9791953733869054
1.0913891431597664
1.0241359300551867
-0.916364249183728
0.9138655007121118
-1.0129949631470572
1.0131177266986893
-0.9526663084279358
-1.080220524256069
-0.951168945533132
0.957019124307326
-1.067829115939903
-0.9768269549634748
1.0176258277327455
1.0541926834951583
-1.0076809774807929
-1.083341569529663
0.9784712221090627
1.0322279833387416
-0.9481395370754068
-1.0297985634674642
-1.0839617795623104
1.0008129312151013
0.9060669730290648
-1.0181086982480565
0.9214583551523186
0.9593694736674767
0.9524282859697708
1.029086381022163
1.0279370339496205
0.9943926287985451
1.0802466083939408
0.9958066654395626
0.9563646460292722
1.0200223990170072
1.0643076910962168
-0.9956480846720093
0.9279520884435801
-1.073832489437662
-1.0711989126293506
-1.0900023436848985
1.099990904080474
0.9698565028763249
0.9951594633879716
-0.9418015673527618
0.9825983443706726
-1.0227789728222503
0.9157495283040272
1.0712062867253893
-0.9836841795279148
0.9612656105939343
1.0002394668048598
-1.0902265308459573
-1.0945338540314535
-0.9944272677411972
-0.9686391144836028
-0.9641042330690365
1.0369965034901472
0.9135832146395967
-0.9199950945403201
-0.9532255487154255
0.9257232269210012
1.0905935785242908
0.9565781862990967
1.0993024811717467
0.9125453781463572
1.0414794286638465
1.013980389572337
1.064587727933085
-0.9458480359116715
1.0003877939419974
0.9011442105123908
-0.9991577705510131
0.9335205455847327
0.9506335347598417
-0.9904764737799279
-1.0978855746391363
0.9407131442421504
0.9826536113700315
-1.0739356112039067
1.0098377043758486
0.90390362867028
-0.9495069950400882
0.9845097306171791
0.942913684275906
0.9895339641084109
-0.9839208900893681
-1.0147456855900348
0.9396590453394047
1.0138704776934733
-0.9612627413029367
-0.9128657966000078
-1.07682874989051
1.0673041062911999
0.9380525576850507
-0.90514638657838
-1.0020388688155026
0.9992615798120827
-1.0849132329491276
1.0929450360398214
-0.9777064906322671
-1.0386207659337965
-1.0143058184332925
-1.0511961948175352
-1.0399061714354876
1.0453179588997057
-0.9538625850365018
-0.9262717941002137
1.0064201734766711
1.065368886541662
0.9740841177587651
-1.0794132161912418
-0.998135897043498
-0.9100356931312454
-0.9100517194163151
1.097213613605509
-0.9564064761965048
-1.0449413798069533
1.0229903572314387
1.0858421369564035
1.0094194782908634
-0.9146194779439178
-1.0494054222421136
0.9534920899806849
0.9852089390585508
-1.0566319531371582
-1.0209107926083199
-1.0317626939681885
-1.0269999777178196
-1.0082239508811877
0.9353929427424126
0.9383014561978502
0.9093314022304892
1.0473777920123344
-0.990408951013855
-0.999338746464085
1.0370032223780314
0.9362708527686116
-0.9420895963032194
-0.9440328996960411
-0.9192055544919092
-1.0005215353067303
-1.0957057618113917
-1.012385112090939
1.0498497829595412
-0.9552593169283544
1.04079196281019
-1.064117959612363
1.0249901933069856
-0.9968188193318114
-0.9670160974076815
-1.0611190961992463
-0.9984482212131668
-1.0327353942993318
-1.0774487110178657
0.9640669442289792
1.0164275417387947
0.9192113190849798
1.0499853752375854
-0.9858294255739558
-1.0580294544004978
1.0772198994425195
-1.0250635056815767
-1.0710401171628363
-1.0979137402373988
1.0523199411303974
1.0029157884292232
-0.9953297057947006
-1.0435178169138506
0.9819541347557063
1.0446219565119537
1.0712449465419742
-0.9173699426140237
-0.9925079891615473
0.9232046528199104
0.9278323325231461
-1.0551993567551756
1.0655175823378662
-0.9466878409178645
-1.0493019990939505
-1.0653827333871801
1.0664319988173863
1.0033755176148056
-1.0603190029654563
-0.9754735425087215
-0.9771351805002062
-1.0511599007706698
-0.9833056704798102
1.0779747511699451
0.9038331565543404
0.9864614139040533
-1.060185208247328
-0.9138461219952878
1.013987639448209
-1.0208577702574502
-0.9797347749797332
0.9688399021077634
1.0864305252203825
-1.0307572765453576
-0.9629008115848402
-1.025795696247757
-1.0835575525812184
0.9177872865006501
1.0104484122990196
-1.0490571222295544
-0.966103255105246
-0.9351506945794783
0.9307991170609523
0.9028674267479755
-0.9890089263648265
-1.03508732476557
-1.0974268739407194
-1.0702068979056818
-0.9479660908347549
-0.910188539337302
-1.0916603737251043
-1.0235185577522519
1.0093270785387272
-0.9975842940090768
-0.9498254353728616
-1.0247479441840943
0.9730184790201964
-1.003234473107493
1.062579225512123
0.9460076123804362
0.9749148856633678
-1.0503684263327193
1.0726321744887561
-1.0623015294781089
1.0589967109487115
-0.910105185685574
-1.026411131012747
1.0866464236907387
1.0446110766119985
-1.0346412266746519
0.9952143105805117
1.012385480451844
0.9645132322608776
0.9395095199565019
1.0157641635591241
-1.0732064527653657
0.9043696974552052
0.9315664469376508
-1.044746504343254
0.96271386674414
-1.0594801199518877
-1.0749810113391365
1.0125435390024613
-1.059160046557962
-0.9769063031253788
0.9177143875087135
1.0758561143963512
-0.9704031350320975
0.9174569646848091
0.9025804067514567
0.9611172186871334
-0.9322006082284496
-1.0645357445774506
-1.062543363051797
1.0980600123077797
0.9114563420288114
-1.0137557450751598
1.0544391700409932
0.9658041878712679
-0.9554342653538019
-0.9558957493367941
1.0879117701418586
0.9674347572576872
0.9723012206297377
-0.9515956197776733
1.044858617271875
-1.0669514872779562
0.9991940542150283
0.9520741145161077
1.084521515020845
1.0211139510042477
-1.0187734672818731
1.084884492527922
0.9069953886868279
-0.9153866192062915
-0.9866404307549688
-0.9393081538448987
-0.908056002736203
1.0432758150911712
1.047529205386423
0.9002679842684486
-1.0784613660437883
1.0437973429541165
1.0568772500691523
1.0132619068468451
-0.9107667374810122
-1.0842889475377426
0.9693911991134118
1.0839260454379087
0.93526092914973
-0.9069132616227475
0.913557183770155
-1.045310013535177
1.0401956415532676
1.0075991997496112
1.0517873023857618
0.9144112451895587
-0.9256381794553236
0.9773696780158703
1.0139065665606937
0.9660281432596534
1.0304924579873216
-1.099457880569529
0.9928611769297377
-1.0948592911880692
-0.9040818419021243
1.004284223852738
0.9903863078285299
-1.0152816981040322
0.9405252156858455
0.9719610069961342
-1.0537062375575825
0.9688427609090351
-1.0011495536961545
0.9483578829271663
-0.9670146290945474
-0.9663825709954006
1.0778763582491095
1.0251692008462967
0.9544747305225815
0.9741035489740458
-0.9508129875829836
1.0308537827151396
1.022247692606279
0.9954590718646539
0.9618691117382505
0.9866900879770372
-1.0458336322190482
1.0135457999974822
-1.0578198761691382
-1.0199647183129819
0.9897780636176448
-0.916149600518116
-1.0679933127441197
-1.0318552986945722
1.0815040002771719
0.9905339462731839
0.9934359197690928
0.9768076208214505
-1.0108745006571054
0.9017580959075118
-0.9151893357210208
0.9825670793215285
-1.0849675861908468
-0.943184973212098
0.9065324672550357
0.9919313687206235
1.0825007814633205
-0.9273197008148221
0.9591574287631315
1.0809338278616634
1.020719958002632
1.0310605518292484
-1.0351968621504637
1.054494621682585
-0.9938840125308313
-0.9653070841112685
0.984253091857424
0.9032780903038402
-0.9575404507824358
-1.0060875716645112
1.044425756886108
-1.0589849860494909
-0.9647274999858222
-0.9589898212053076
1.0968527511728898
1.066903121650441
-0.93735950670294
-1.0150458375352094
0.9498053620850859
1.0774198738542475
-0.9565342013145111
1.0521856095851174
0.9230613996508716
-1.000035618489332
-1.0835575173769807
-1.0622295930211363
-1.0598863874807514
-0.9772593995055477
-0.9607011291561409
-1.0569547444721892
1.074796792286232
-1.053205766220302
1.0915313354220817
-0.9745460417650958
-0.9942328577517344
0.9678289837000598
-0.9193855069963706
0.9050001255390371
-1.0514961430039367
-1.0348862271362491
1.0393175234425502
-1.0055094130729774
-1.04894202856844
-1.0147915594877062
-0.9157444585203361
-0.9293939945066719
-0.9643144916633298
1.087449993887778
-0.9179073068303842
0.9643775092636382
1.0481534175657974
1.0495591444166013
0.996662154578154
1.061679204418422
1.0460226656652416
0.9715783636458806
0.9649494651998312
-1.0824102045364357
0.9484071434941638
1.0609875132052495
-0.9738775084529616
1.0165647169645895
1.0007736584799272
-0.9627927569826026
-0.9579362883162297
-0.9906348584492477
0.9321181835142206
1.029146832343939
1.096396749917359
-0.9529130999457425
1.0558926632646548
-0.9843462366130095
-0.9361145096197856
-0.9324658020146835
-0.9668765241670052
0.9116256055254656
1.077493618366112
0.9170803418151396
0.927113897529846
0.9144619011370442
0.9364354962331276
-1.0386555970317357
-0.9126995612237252
-1.081750774000845
0.9396177708888206
0.9672026340742303
-1.0355876937494037
-0.9918757514949808
-0.9447604380304393
0.9560781022196041
0.9720118165349103
-1.0712080341853207
0.9267088748524426
0.9031996083543752
0.9218366548892862
-1.0165076041274057
-0.90007969700397
-0.9261774351273898
-1.0524763312829282
0.9022327553912396
-0.9041882255821977
-0.900384093385395
-1.0832263050458049
-1.0196727520091837
-1.0706277809250992
1.090442599848399
-1.0355369226820275
0.9600653447051607
-1.0033300100535503
1.0220772307657247
0.9351652586961537
-0.940772603295661
-0.9904307711603526
-0.9344581722502175
1.0764673430261502
1.0588921200042352
-0.9696777750019794
-0.9021377818078942
-1.0592670765554457
-1.0168525900131462
-0.9398653562563358
0.9880098084184361
-1.0208757115629183
1.0318753794598374
0.9489068140418204
0.9712654826422562
-0.9642832212016776
-0.906343281697896
1.0041901165661387
1.0233753440143993
-1.052696120886006
0.9875578092485789
-1.046224259212915
1.0424703325143776
-1.0882097688366792
1.0168282653918446
-1.080321930533926
1.0900103102787035
-1.0475029538364617
-0.9139800695328232
-1.0255377416215663
1.0540749255939936
-0.9223804226810842
-0.9562949109766272
-1.0741728397341903
-0.91609211566183
-0.9654091495837278
0.9206936789293597
-1.0853411403332403
-0.9179912401286511
1.0310112502678859
-0.9821738981241803
1.0334366225804328
0.9873651554718764
1.0135612788960044
1.0826787665626643
1.0474637180362216
-1.0695527164765095
1.09004404747606
-1.0777382418753396
1.0803716799953365
-0.9334663402706633
1.0746002951871145
1.013983497947673
-0.9499012575637764
0.9977359119992719
-1.0586552463619603
0.95833289453743
-1.043531198786636
1.0065197877038474
-0.9071904287949389
0.9881881029391233
-1.0351411873511858
-1.0353931218215093
1.0886455066470748
0.9717198324406456
-0.9691444714461337
0.9190225729004324
-0.9833710087569126
-1.0177009290504513
-1.0501966220343852
1.0043695572063207
-1.0307738690539512
-1.0875041328303514
1.0527771598885567
-1.0270590231565537
1.029718330793878
-0.9872595478499266
-1.0537688370403415
0.9051398963792605
-0.9899100773942153
1.014729520195988
-0.918128538807483
-1.0021890520618324
1.0043699189886361
1.013750130104515
1.087434090904801
-0.9289458379551987
0.9202089470037031
1.0732316602355638
-1.043671795940898
-0.9507628795402883
-0.9331945459127279
-1.0180060603266448
0.9422440976493205
1.0631704401045994
1.0665749851164403
0.9771822749699437
0.9839513330189137
-1.0286073510505571
-0.928057456367889
0.9679324760737071
-1.000432277274103
1.0817388220397848
0.9421614102578971
-1.0539139733997378
-0.9399413340654514
1.0280027641067073
1.0034015308646576
1.0395100468124119
-1.0092578733803834
1.0005154696331442
0.9530809969768552
-1.0319336946411497
-1.0598186640793823
1.0569669590413235
1.0835649798150102
-0.9862017452023083
-0.9996680374907834
-0.9168955632054334
-0.9258878483384798
-0.9648510375178091
-0.9761388218830475
-1.0665485960485763
-1.0126772070000962
1.0924155469872168
-1.0002242258015746
1.0516247951740398
-1.0834457758228404
-0.9489532487783102
-1.0524398346444817
0.9282486016867999
0.9052833050777462
1.0140343440841602
1.002895273978164
-1.0316958116952155
0.9901960481288239
0.9375961454825544
1.070346334522962
-0.9870316462054217
-0.9610897523853372
-0.9721554999993952
1.0068295388246122
1.0871390697825754
1.037635870338558
0.9992826509600006
0.9199566196607178
1.029816161226071
0.946486325954422
1.0462128172449867
0.9693774817727545
-1.0546081523103208
-0.9358431416027588
1.079157987447322
0.92176288972233
1.0766711335595287
1.097241263040376
-1.016249446927752
-1.0320425056808398
-0.92081322861106
