2.04922172424732e+00
2.25716216300187e+00
-9.62218162261652e-02
1.06487337210671e+00
3.03422211493455e+00
-6.40231169445423e-01
-1.94261858427806e+00
-1.64206224903143e+00
-1.76894944760572e+00
2.96611672990897e+00
-2.99865431659930e+00
-1.42141142346196e-01
-1.15161177514628e+00
1.03222739184763e+00
-2.09964628625158e+00
2.01929365390555e+00
-2.63049804416151e+00
-2.98714925045003e+00
2.67837585128567e+00
1.28987845403166e-01
-1.11956593559631e-01
-2.60110609258480e+00
6.89274588776527e-02
-1.66415616679600e+00
-9.84640006240310e-01
3.12670986680320e+00
-2.07991896694021e+00
-1.35646010799426e+00
2.87037424942672e+00
-1.53821727806034e+00
1.56512313644352e+00
2.37398215517016e+00
1.36314266759191e+00
-9.20723321205956e-01
2.57921210354375e+00
1.02699722508831e+00
-2.28210459697676e+00
-1.75128262489933e+00
-7.28688052535986e-01
-2.55390692595993e+00
-9.78290723766883e-01
-2.41826869776323e+00
3.46910473459840e-02
-6.84274971901021e-01
-2.34541147232542e+00
1.97464563360649e+00
1.19852801586145e+00
-1.41882940464156e+00
-2.96953298366899e+00
-6.85868781054225e-01
1.36809824512557e+00
1.66075918979127e+00
2.79235592076748e+00
-2.66339879221185e+00
-5.66163179610701e-01
2.30862386912771e+00
-3.93180341215181e-01
1.50870873758683e+00
1.54015779628158e+00
6.46889433571328e-01
2.85257601866685e+00
-7.40010892784557e-02
1.15697728906781e+00
4.11309796398187e-01
-2.85838528621871e+00
-2.19004411768028e-01
-1.69487595147072e+00
2.54729063017829e+00
-1.84228337336955e+00
-1.13672161845842e+00
-5.05240325233629e-01
3.81537570725065e-01
2.69037998988197e-01
-1.42810872224551e+00
-1.76426690757399e-01
1.56518454423523e+00
2.36341289604124e+00
-4.84553760046924e-01
1.29174158146948e+00
8.51985566112129e-01
5.70929550453260e-01
2.90659043834029e+00
8.79961982433398e-01
2.16139520904551e+00
1.78764373981246e+00
1.86452060516886e+00
1.65765310614490e+00
-2.00200192436550e+00
-1.55535906967917e+00
9.07202282350849e-01
2.93733359343411e+00
6.59916656533749e-01
2.56079913359679e+00
2.90192942394671e+00
1.23417574264084e+00
-3.60771417337987e-01
-3.06695868333737e+00
2.33855327248863e+00
-8.29065537161755e-01
-1.12228043870202e+00
8.87508744919514e-02
-7.12500007664230e-02
8.75976916061202e-01
-1.00423034016553e+00
1.48090332882002e+00
1.79178382293781e+00
-7.13195491006511e-01
1.57778788568976e-01
-9.94903063311578e-01
2.73709165486054e+00
1.30944191834152e+00
-2.55628657451458e+00
2.97348913832906e+00
1.93388690988230e+00
1.49117129372531e+00
-2.90803925328188e+00
1.75720490152816e+00
3.93961515219835e-01
1.06751646999159e+00
1.98173205651812e+00
3.01164821643336e+00
-2.76829929609061e+00
-2.36124629845231e+00
7.20330861542950e-01
2.36683625970809e+00
1.27667464357559e+00
-2.78498309222148e+00
1.59727406548046e+00
-2.32139466013416e+00
-1.40470926182495e+00
-8.85794167305837e-01
2.03123187127418e+00
9.33812380570010e-01
2.44127448717281e+00
-2.26387457547535e+00
-1.88202051571224e+00
-9.72607200838748e-01
-2.36492270131748e+00
2.78456409379201e+00
2.71364237519094e+00
2.50851065335967e+00
-2.94147584208033e+00
1.35684928678888e+00
-1.94003129088510e+00
7.61408713621547e-01
1.02295929674415e+00
-9.00667272437945e-01
6.78114269363403e-01
1.87605600159452e+00
2.69280522144238e-01
-4.07430084683772e-01
-3.06825546670946e-01
-2.83382504265050e+00
-2.42831802603164e+00
1.52755073849428e+00
5.74637935834993e-01
-1.58034228320866e+00
2.85762202316360e+00
2.01312815868990e+00
-1.78293678456154e+00
-2.20756831469399e+00
5.49429968919666e-01
-1.01857578141893e-01
-7.81486918323195e-01
3.44643371694508e-01
1.33365503150823e+00
-1.05923900205848e+00
1.07406864275320e+00
-2.68020927145865e+00
2.97021969383571e+00
2.38889922015256e+00
2.72972401636601e+00
-2.69590421263526e+00
-2.78713718045010e+00
-2.76936892373171e+00
-2.12433586293096e+00
-2.48348547614425e+00
-2.35523430914596e+00
1.84810053886173e+00
-2.65442404585623e+00
-1.82993659958221e-01
-1.32424105466925e-01
-3.50208046825033e-01
-4.10648732391081e-01
2.44036509199639e+00
1.18760517637907e+00
2.32814894561971e+00
-7.21675820650280e-01
1.69573531640617e+00
4.51124057475584e-01
-2.83790573540808e+00
-2.88706699074809e+00
-4.07467010969662e-02
2.47054683497473e+00
-1.26186658873237e+00
1.85398458631018e+00
-2.62550864022769e+00
8.55552798569819e-01
-1.85908357950993e+00
-1.79406681202285e+00
1.94776110944297e-01
2.99000283006435e+00
-1.64452872487146e+00
1.16100226769503e+00
1.23428258021541e+00
-6.75335262064889e-01
1.82930081427321e+00
-1.07549122749236e+00
7.26832972128801e-01
-1.43953705586043e+00
-2.08770714448513e+00
-2.30054326870223e+00
-8.06166267918538e-01
3.11936568338916e+00
-2.47821125384251e+00
1.94414235021927e+00
9.74573066589604e-01
7.89190576921921e-01
-1.14038546163675e-01
1.15646512884272e+00
-4.72232778739412e-01
-1.07326489457883e+00
-5.09074193152925e-01
-8.63746801481581e-01
1.04531756755013e-01
-1.89751929279850e+00
-2.07394244122228e+00
3.16622809738023e-01
-2.75349570330517e+00
2.63785485006886e+00
-2.20594896851675e+00
1.16741458226117e+00
-2.60119343542465e+00
-2.23999727037035e+00
2.34164118563801e+00
7.58816513346618e-01
-7.14475385000952e-01
-1.80808240280862e+00
1.35481107544687e+00
-2.10630959535492e+00
-6.97657311549246e-01
2.68907895219950e+00
2.93280134377623e+00
9.51967199578958e-01
-1.76469058941354e+00
-4.21018170896589e-01
1.08908919195810e+00
-1.64188829294489e-02
8.20261362791967e-01
-1.73120542233648e+00
1.58294429772394e-02
2.79654082023627e+00
-1.57885371711104e+00
1.48356455573156e+00
1.81156437725920e+00
2.24055401030526e+00
3.74671636228787e-02
3.02711021313604e+00
6.57040845068174e-01
1.86291437462629e+00
2.44488693731992e+00
-1.05918161008215e+00
2.51362271600388e+00
-2.24381210119772e+00
-1.10332570751168e+00
-1.41078412542951e+00
3.09002840327740e+00
2.02674809319885e+00
3.04004611095200e+00
2.53872143635172e+00
2.78989243206295e+00
6.61864217134188e-01
2.76897472982762e+00
7.25414818902510e-01
-1.25031808507032e+00
-2.59353744188860e+00
-2.23182747639529e+00
-2.52610541901555e+00
-2.21408929029744e+00
1.42919117293706e+00
3.05324828382466e+00
2.16185921038365e+00
2.10734566861201e+00
7.38704430294658e-01
-1.97936528143346e+00
-4.87832887739533e-01
-8.44760601498108e-01
-2.08733504471607e+00
-3.13020734804299e+00
-1.44905166816168e+00
3.02309478051841e-01
-2.46087023105986e+00
1.01100366881975e+00
-1.18292612095380e-01
1.65133561349575e+00
4.20129261034411e-01
-1.97188589685219e+00
2.26347338072093e-01
-2.58013507210774e+00
2.81158497543816e+00
2.40156166389371e-01
-2.93091226537424e+00
-1.09905193803573e+00
3.10124489796965e+00
1.67417130955066e+00
3.11986220894479e+00
-2.76416120074218e+00
1.88479253767767e+00
2.47958799724274e+00
6.73153525644791e-01
-1.42163589704234e+00
-2.25389519851326e+00
-1.12580779435537e+00
2.17654399031517e+00
2.15507017570930e+00
2.22200805478917e+00
-1.16128425089922e+00
-1.27296159754520e+00
2.24438046790690e+00
-1.99876125102282e+00
-7.68650687477810e-01
2.67428043531570e-03
1.76039024356637e+00
-2.70710073037879e+00
2.51203671265525e+00
2.56726530729276e+00
-2.79420659393205e-01
1.01322996435477e+00
-2.98025001259312e+00
-5.74835251901372e-01
-9.49076565166787e-01
2.36045642230135e+00
-1.25312171643701e+00
1.89994958693210e+00
-2.32786791531316e+00
2.10571408501598e+00
2.71961070832709e+00
-1.30593782934932e+00
-1.10002874368425e+00
6.72201316758152e-01
-2.48850670537059e+00
6.59642936771389e-01
2.62239717165967e+00
2.09280622970607e-01
-7.83103126428860e-01
-2.61711871634766e+00
9.04436310200592e-01
9.89112144166688e-01
2.66098088791664e+00
3.13373786369140e+00
-4.16069181583962e-01
8.34058215257572e-01
1.29524163847228e+00
7.63953282751168e-01
-8.28411076869485e-01
-9.51004551320317e-01
2.23788177907500e+00
1.63832077782242e-02
-2.35146066452063e-01
-2.33131715092063e+00
-2.78874732104703e+00
2.44579192256218e+00
3.06031263295995e+00
1.67433893129948e+00
-1.67311627055836e+00
2.06953922081229e-01
2.84332974300644e+00
9.25117299709942e-01
1.33402233614779e+00
7.61477562141900e-01
2.71682679554626e+00
-1.96554154614135e+00
2.44146105840620e+00
1.73769927914907e+00
-1.66446038273449e+00
1.00766839612508e+00
-2.82829531238357e+00
-3.99253986877291e-01
-1.33610218480050e+00
-2.31564228803882e-01
8.63691032776329e-01
1.70682822647439e+00
2.46700782172052e+00
9.82469183889975e-01
-1.80495449207772e+00
2.25763759494790e+00
-2.40810552737828e+00
-4.48256193656710e-01
-1.57057538891234e+00
-1.20374328462754e+00
-2.00608001316069e+00
-2.55837538274463e+00
2.51093025751681e+00
-2.83739208861699e+00
-6.00069223632273e-01
-5.34350413107579e-01
2.05751529464659e+00
-3.74887134204263e-01
2.50951889338568e-01
-1.02798982916206e-01
-2.83905518330257e-01
-5.15849220633920e-01
-2.37247904779278e+00
3.03995102703151e+00
-1.74011532125513e+00
8.18546420626710e-01
5.10565254186715e-01
-2.97664917725213e+00
-1.44137119728638e+00
-2.99842136633911e+00
2.21199848134404e+00
7.27443697798302e-01
-7.57002524054670e-01
4.23391287891535e-01
1.12348651884398e-01
2.14679334053083e+00
-1.36050382147076e+00
1.66595650139899e+00
1.30192036186504e+00
-3.15272375714814e-01
-1.45915980631415e-01
3.03702526350129e+00
8.09820677908232e-01
-2.02543361213092e-01
1.53686226281765e+00
8.72334338974659e-01
5.89132029835116e-01
-3.12327228146141e+00
3.04405013458796e+00
1.86770874091055e+00
-1.61737178750657e-01
9.90723321956915e-01
2.41763741242038e+00
-1.02642432359330e+00
-7.72983281408477e-01
1.43226866365287e+00
-1.46022851252946e+00
-1.84190824914399e+00
-9.82309335677650e-01
1.88400198132355e+00
2.30592552304494e+00
2.49523110526855e+00
-2.85256102506795e+00
1.67520151121484e-01
-2.01082413903750e+00
-1.17191866392505e+00
5.49997007383046e-01
2.45838261120293e-01
-2.24961354743946e+00
-2.04801676763642e+00
-1.92752761526736e+00
1.64332974561303e+00
9.23901926546733e-01
-4.93649642461092e-01
-5.38689573596908e-01
7.59729908278466e-01
-6.80017083770419e-01
1.94915438336474e+00
-4.67165311875845e-01
8.35428185119125e-02
-1.15111519528024e+00
1.34395065168185e+00
1.60227243428087e+00
1.82783484854979e+00
-4.00770754545950e-01
-1.43983952208405e+00
-1.27401983896013e-01
2.44209576243731e+00
-3.01412547162077e+00
1.49623322950400e-01
7.13111404825530e-01
-6.03979228228539e-01
2.88054421296733e+00
7.67704838559693e-01
2.53729093477577e+00
-2.75966020646551e+00
1.04745213832515e+00
2.30836571826885e+00
1.84385766873535e+00
1.31511121593480e+00
-6.82761148740570e-01
1.11425834413666e-01
-6.74644843088096e-01
2.80910456965939e+00
2.80408431342514e+00
2.77741337572148e+00
-1.89875728856289e+00
-2.42586609517928e+00
-6.94332166944495e-01
-3.06298789471343e+00
-1.59958880339130e+00
-2.28316768121085e+00
7.35373443156426e-01
2.88222846915481e+00
-1.58322733402377e+00
-4.86679359719102e-02
7.59283921944777e-01
-2.96115302690024e+00
-2.43437414494532e+00
2.61961582690133e+00
7.84725604070959e-01
-4.24302533933989e-01
-1.62393014064450e+00
2.53898802178978e+00
-1.98338086110319e+00
-1.92867559809731e+00
-1.22066867555021e-01
2.54421162752119e+00
2.34375563374175e+00
-1.65389058884425e+00
1.90321754095491e+00
-3.13810459017852e+00
-2.86235524932857e+00
-1.62393221803538e+00
-2.19498701674290e+00
2.14547304663211e+00
-1.77692747873840e+00
-1.93983565842417e+00
-2.61353990208398e+00
3.56305852887933e-01
-1.96916157291716e+00
-1.24738904580783e+00
-1.28540746381563e+00
-2.19601214600069e+00
2.47019987838585e+00
1.01746775582745e+00
1.55161931704635e+00
3.01868769997253e-02
1.93440792992021e-01
-1.00468926076891e+00
1.51638545365508e+00
-1.03279607233070e-01
2.88954011635868e+00
2.49329817532420e+00
-2.96560402345703e+00
-1.69988895877606e+00
6.94625241509352e-02
-2.02286776835220e+00
-2.66483717194369e+00
1.58748382161597e+00
-2.16774643953331e+00
-9.62784910686463e-01
1.53635887112546e+00
2.54759735896276e+00
2.83391296814134e+00
-1.87940101885860e+00
1.56336251215314e+00
3.00482850120561e+00
1.25325324737050e-01
-2.73708660531011e+00
1.34489535170678e+00
-1.42158522515855e+00
1.95366616119949e-01
-2.78291694914855e+00
2.79345403959567e+00
2.41458889843992e+00
1.36901440398874e-01
-1.67829865723992e+00
-2.33413827955801e+00
1.56590838885309e+00
1.99448395974110e+00
-1.15385449168361e+00
-9.13018036042441e-01
3.77284938862109e-01
-2.96116770622632e+00
4.04653166391802e-01
-2.99875610710956e+00
-3.93215761227276e-01
3.89538407759640e-01
-1.42866070369072e+00
-4.05150582210857e-01
2.87113561022197e+00
1.43069846545253e+00
-1.88550927441507e+00
-3.13999500277219e+00
1.38124382895124e+00
-1.25412715108700e+00
-2.65234261231729e+00
-2.02272976952771e+00
-2.95291518347183e+00
2.04857624174389e+00
2.85624910468602e-01
-2.75296567029113e+00
-3.92504589669970e-01
-1.77100335366375e+00
2.64716839108662e-01
4.64547279186855e-01
1.15033039580450e+00
2.89528296899937e+00
-1.25299003983242e+00
-1.73677262073860e+00
-2.31791215185217e+00
2.84580813317819e+00
-1.36826946166806e-01
-9.78154435360343e-02
-6.08086620736767e-01
1.38284542642112e+00
-2.08158513413964e+00
-2.11472764827105e-02
2.20085931304347e+00
-1.89018993640270e+00
-2.43650317225683e+00
-2.72765372455635e+00
-1.00489135925021e+00
-2.41404899338831e+00
6.82178351374291e-01
3.60314737460678e-01
-2.50840336594470e+00
-4.60946974569738e-01
-6.84876902929455e-01
1.37744503688636e+00
2.03223637158397e+00
9.82149518034293e-01
7.85996617885492e-01
2.91066634121247e+00
2.12972339904593e+00
1.62232252508277e+00
1.37883000306581e+00
-1.38938673688838e+00
2.78613114040815e+00
-1.54784384367292e+00
6.41616077395752e-01
-1.09323624312617e+00
3.00189948041396e+00
-1.14573208970238e+00
-1.06890383973171e+00
-1.06699256741898e+00
4.22458489919884e-01
5.89610266121142e-01
2.10753602199630e+00
1.75376325141303e+00
-2.07562699038172e+00
-1.14358423371820e+00
-2.29373647534945e+00
-5.83904620830862e-01
1.67822633766639e+00
2.71162551468556e+00
2.12790475152341e+00
-1.01702407328504e+00
1.10733440149353e+00
-1.43514124933934e+00
-1.56042027369606e+00
-3.57062762644647e-01
5.20842308740665e-01
-2.68741560064064e+00
-3.06071685734947e+00
-1.50688808460487e+00
1.15718147583699e+00
9.28846666470264e-01
-2.01956018888780e+00
1.07323473892582e-01
-7.67235600494171e-01
-1.30831598493838e+00
1.92137490968110e-02
2.35665514580599e+00
-8.72101143016798e-01
2.72334983120762e+00
1.54919991046430e+00
-2.12170749878760e+00
-9.74538084688548e-02
-2.87152873119475e+00
1.77032815007260e+00
-1.46307408300038e+00
-2.40333365527088e+00
4.35399221151055e-01
2.37984792336476e-02
2.39348148608383e+00
-4.74235690941610e-01
-1.28915752857398e+00
-3.04223077724515e+00
-3.13641892761120e+00
1.52437914046721e+00
2.02648757398321e+00
-2.40101829759898e+00
1.32436926874813e+00
9.11333048926729e-01
-7.62124136727920e-01
9.52424228882927e-01
-8.79611401483837e-01
1.70124387391542e+00
2.87251452941423e-01
-2.30319184420038e+00
-1.81806594846335e+00
-2.09791897937867e+00
-7.98627924020230e-01
1.79859974441973e+00
9.52196792994782e-02
1.39399567594714e+00
4.92486191973177e-01
-6.43012833067109e-02
1.91211208309455e+00
-2.78349726892092e+00
2.76364716088828e+00
2.23418827355521e-01
4.31771018929481e-01
-1.67070943177594e+00
-2.93296532485749e+00
-1.79756133680143e+00
1.94865290951823e+00
-2.22357601140108e+00
-2.78394466663370e+00
-3.53219810223770e-01
-2.68302406131400e+00
2.94409781130468e+00
-4.91284679474452e-01
3.46126716463925e-01
-1.95858240740181e+00
-2.76763917360089e+00
-1.80607842779253e+00
1.15906592700413e+00
-8.96735657481960e-01
-4.84016622230589e-01
-2.98332225643305e-02
-1.34977280240102e+00
-2.73119461250807e+00
-3.01160900368506e+00
-4.78852617321500e-01
-2.46026079399866e+00
2.39735252101795e+00
1.10407776656050e+00
-1.21881981233930e+00
-2.52841206901188e+00
-7.15225241578938e-01
-3.04362936708060e+00
-7.16881573570481e-01
-2.73466704237218e+00
-2.69845469448981e-01
-2.57484991311067e+00
-2.62553295942161e+00
-1.96102374608727e+00
2.05104617410840e+00
2.64368394361502e+00
1.52848133212615e+00
7.63805682023968e-01
-1.73115788757688e+00
-2.14315769135853e+00
-3.64244257372871e-01
-1.53055374006752e+00
1.25815192622312e-01
-9.81791790536207e-01
1.29306422313893e+00
1.47349597812108e-01
2.37806205314176e+00
2.65581503123242e+00
-5.66213256880806e-01
-3.03061249315710e+00
-3.02224845902788e+00
2.25705298592780e+00
1.54929291814418e+00
-2.54628601124220e+00
2.09850772421121e+00
-2.65809485098531e+00
1.57453628204656e+00
-2.30921960827290e+00
2.71346736970952e+00
-2.14044370573811e+00
1.69195972221226e+00
-2.07164932039780e+00
-7.42431573603699e-01
-1.56784764942590e+00
-1.56820383097642e+00
-1.76575852533484e+00
-2.23155448535520e+00
2.31594246470963e+00
-2.34604130562629e+00
3.07491467720417e-01
5.66847034738216e-01
-2.70886822372038e+00
2.14187877914018e-01
5.71357168081631e-01
1.62120731891431e+00
2.45028608964550e+00
3.03610046788140e+00
-5.46093564751706e-01
-2.35812613467177e-01
6.42090649731650e-01
2.43880991526163e+00
9.10104995693115e-01
1.94235972461988e+00
2.63180698296456e+00
2.63005111864060e+00
1.72718267051002e+00
2.13823545624929e+00
-2.64339704577868e+00
1.15023696591985e+00
2.98282691411826e+00
2.08737883642396e+00
1.91112735996353e+00
-2.15821554796008e+00
1.41226115353228e+00
-2.45757449192408e-01
7.18411492397006e-01
1.69228341564803e-01
1.40140129993407e+00
-1.12742513742661e+00
-4.41250384940330e-02
9.45979482958752e-01
-8.26793285651387e-01
-1.08287471616218e+00
-1.62282123731479e+00
6.14030082861740e-01
-2.29591685842111e+00
-1.03410682215242e+00
2.86267962817051e+00
1.76096622252760e+00
-4.96678747664939e-01
1.23022182999785e+00
1.71290848275521e+00
4.63421250829581e-01
-5.10399278506512e-01
-1.70162687334058e+00
2.38619822614106e+00
2.48438856969791e+00
-1.64181579474190e+00
-2.90599005886496e+00
2.43019392070491e+00
-2.22409441373070e-01
9.79512746244356e-01
-2.67146128674150e+00
-2.72784187303220e+00
1.54589836969592e+00
2.79906338550136e+00
1.97289187305916e+00
1.61095932660465e+00
2.33915373681043e+00
1.59001012701666e+00
-1.63589370207554e+00
2.04136056921898e+00
-1.55895832646610e+00
-2.69785987984735e+00
1.37187395522784e+00
-1.97561586291384e+00
3.12116537227924e+00
7.86236446714122e-01
-1.39588551992422e+00
-1.00886323378240e+00
-2.35466386135587e+00
1.20369746456907e+00
-2.28809805116292e+00
4.39477268085581e-01
9.62334736394380e-01
-2.13248575740017e+00
2.17355583714993e+00
-8.68996432208510e-01
-1.48635395055778e+00
7.48849077729306e-01
-2.73656025582921e+00
1.66054084294016e+00
-2.89088574891779e+00
-9.60844064050701e-01
-3.08705684622278e+00
-2.82406412562012e+00
2.74992408630075e+00
1.67629135174502e-01
2.77123569027792e+00
2.22430867611139e+00
-2.21136101687846e+00
-1.22351957326210e-01
-2.28993496784823e+00
-4.78568532206755e-01
-2.19504187367640e+00
-3.65499638538386e-01
-4.16750477688868e-01
-1.95135381667266e+00
1.99813261161817e+00
-2.94746724938356e+00
-1.01062537665438e+00
1.64686269227046e+00
-2.55102884075204e+00
-7.08430824293564e-01
-1.59943721546414e+00
-1.20877037884008e+00
2.30246920502685e+00
1.63152999011890e+00
2.86901545420179e+00
-1.40139687435968e+00
-6.73015530824066e-01
-2.31431662672372e+00
2.11895860490710e-01
-3.42421934137714e-01
-2.86469304784762e+00
-2.44270634255496e+00
-1.59957432310611e-01
8.98297022035351e-01
-2.95956807188662e+00
-2.10255393102430e+00
2.49738974330339e+00
2.18812949272112e-01
9.95101789535460e-01
-1.26911836573092e+00
2.44931194088719e+00
-3.10694344436322e+00
2.68607304606590e+00
9.71348657224852e-01
-1.16421539001234e+00
-2.93886735056196e+00
1.07621382599609e-01
-4.95512699701236e-01
5.55984083578198e-01
2.09245733440506e+00
-2.91143776359629e+00
-3.61537062375592e-01
-5.13934268189609e-01
2.48279653337524e+00
1.35720994522945e+00
2.40094240340959e+00
1.76013704101390e+00
1.42800933935088e+00
-8.76961921095005e-01
-4.61668476673317e-01
1.12590264195663e+00
-2.56441565109542e+00
1.59463750110576e+00
-2.18318894378520e+00
-1.06481591391740e+00
1.30807873161103e+00
-2.83927000596126e+00
-7.34019343291050e-01
-2.29147868998719e+00
2.76123140857205e+00
-2.90045826451288e+00
1.68649804127762e+00
-7.63137313231395e-01
2.13175769273833e+00
3.02378163956432e+00
6.41066761393545e-02
1.88825743032358e+00
-2.27496750517512e+00
-2.58187850984737e+00
-1.41376650124393e+00
-2.27696483215286e+00
-1.38125874596550e+00
-1.59369842029235e+00
-1.66213840788302e+00
-3.04352456128516e+00
-2.61906537608063e+00
2.42757171176135e+00
-2.43309399157313e+00
6.96856582101148e-01
1.56046785748116e-01
-2.72565465424893e+00
8.78721919680858e-02
1.51302186749064e+00
-9.35431314224396e-01
-7.56119903695168e-01
-3.09482633780264e+00
-2.08964697149455e+00
3.33748135112395e-02
-2.35856190474683e+00
6.24706629323000e-01
-1.07263578274539e+00
2.84116929808763e+00
1.56563802421223e-01
-6.73464549523231e-01
2.65630385653812e-01
-2.97154703094478e+00
1.92165967355649e+00
-1.89225313624300e+00
-2.20844093262994e+00
-1.02438854220163e+00
9.45165865810231e-01
2.01688697845755e+00
-1.95190820103694e+00
1.93854759872306e+00
2.30677824334007e+00
6.14276312006901e-01
2.70644693990598e+00
-2.47484534571900e+00
1.66630521735927e+00
-7.43780349803467e-01
-8.24350721014108e-01
-2.66764158614736e+00
4.80159620437874e-01
-2.36989521592466e+00
1.85080303122890e+00
1.16731912700899e+00
1.41506410447755e+00
1.04489388665856e-02
1.43387488101612e+00
2.60696460999187e+00
-9.17914057957470e-01
-2.96872414836475e+00
1.08255663638788e+00
1.41031542884722e+00
-2.69498495873042e+00
-9.06926291634597e-01
7.21937188445430e-02
-1.04536943703583e+00
-3.11809857157858e+00
-3.03281387018092e+00
-2.42589105747203e+00
8.79882639050162e-01
-1.32498597400483e+00
-1.08273195526135e+00
-2.87105501854342e+00
7.54845188153356e-01
-2.23085493154243e-01
-7.16206509593398e-01
1.32110264693787e-01
-1.83962969887306e+00
-1.47756094780590e+00
1.87394245384184e+00
4.06126306355528e-01
1.25518925427876e+00
-2.06642367596353e+00
-2.91163362287104e+00
-1.13308651724823e+00
-9.02173682667595e-01
3.02596065651811e+00
4.44445866432139e-01
-2.76896009326742e+00
-7.01886381048523e-01
2.63019456969489e+00
-1.76593267315294e+00
-1.40767442744231e+00
-1.88705776257953e+00
8.80200878518634e-01
4.98093082153832e-01
3.22902190925634e-03
1.25631899542541e+00
2.13420207322428e+00
5.73264248112066e-01
-1.10490522209962e+00
-2.81313916973408e+00
-5.99142561326794e-01
-1.87999888406852e+00
-2.04736371295394e+00
6.46680775042476e-01
2.11077052687097e+00
-2.23799927841561e+00
-7.60336342833068e-01
-1.75424170768591e+00
2.13130013165648e+00
-2.70019198176862e+00
2.27323503686055e+00
-3.02910114422840e+00
1.44800314532060e+00
-8.28151543238008e-01
-2.85584969901516e+00
-1.68427487271459e+00
-1.78792456236710e+00
-1.63169401914925e+00
2.08172852625768e+00
1.77800574292511e+00
2.00521386951932e+00
-1.82016092477027e+00
-2.91826667793995e+00
-1.67808881915865e+00
7.62382627249421e-01
1.20678227434217e+00
1.52676146575577e+00
-2.25403302952075e+00
-1.39475614791640e+00
3.03583379220576e-02
2.25874529536147e+00
3.12535444327053e+00
1.40957843188009e+00
7.03062806242388e-01
-2.85070826524045e+00
-2.94444791481678e+00
3.41112984075310e-01
2.09666757975760e+00
-1.76181952817179e+00
1.16954868410073e-01
5.79015062943718e-01
-2.53158066855572e+00
-1.12145915756418e+00
-1.16521243828550e+00
-1.32587556822853e+00
-2.95360882675228e-01
-2.86699912271575e+00
-7.45201322949538e-02
1.61748994968402e+00
-2.60007779631081e+00
1.59032047337896e+00
-3.53594798890563e-01
-1.11203135444291e+00
1.24314549824093e+00
2.27345807611391e+00
1.83921428305667e+00
-1.00724022140580e+00
-2.18565971228164e+00
7.82951400214923e-01
-3.09500366772017e+00
-1.58724408782861e+00
1.77346944116330e+00
8.82536987082124e-01
-4.03069956078837e-01
1.76826621696700e+00
-6.62278572247533e-01
-7.17390032028161e-01
2.56933509195104e-01
2.51244799054073e-02
2.42579598419039e+00
-6.36913446897075e-01
-2.34298140393754e+00
-2.58499369165555e+00
-8.27493339765537e-01
-6.54054153032868e-01
-2.64389757344821e+00
2.38303177190423e+00
-1.29311186614400e+00
-2.85615953024155e+00
1.98206029536535e+00
1.34593660172243e+00
-2.44043962904821e+00
-2.58430717659837e+00
-2.30710010949578e+00
-5.79705471691695e-01
-3.32102217200554e-01
4.50181292133156e-01
-1.97469957866119e+00
1.64520559100587e+00
-1.95154512392937e+00
8.39055087440793e-01
4.99129352435864e-01
-6.64772125475203e-01
2.70048532562894e+00
7.35596817039537e-02
-1.60510990396936e+00
-4.87577999385262e-01
-2.69477602972817e+00
-9.08388000357400e-01
1.94167239330478e+00
2.07412767270769e+00
-9.85579891071587e-01
-8.94398375980870e-01
2.58898802449082e+00
-1.55276368452619e+00
-2.59717886383479e-01
2.33515757816916e+00
2.56672794079833e+00
3.61802066918597e-01
1.44919599680000e+00
-1.48234961613366e+00
-1.57548651005040e+00
-1.54743627158622e+00
3.68381289653847e-01
-9.92971971118816e-01
1.50292743987196e+00
5.89298966755053e-01
-3.00756421398366e+00
8.59294773223693e-02
2.15361411214441e+00
-1.01300799759855e+00
4.05620371478064e-01
-1.18080864104957e+00
1.95284218890195e-01
-1.87765124575884e-01
9.78524477193918e-01
-6.78441723815145e-01
-3.12583060932830e+00
-3.09250821495480e+00
-8.02219141652448e-01
2.11872997378788e+00
2.67919655789663e+00
-5.61365108566401e-01
3.07231696013391e+00
1.00607070741825e-02
-1.12198928219757e+00
-1.05133308558386e+00
2.17920432182108e+00
-2.20851107006861e+00
-1.14771637166402e+00
-1.52091461149884e+00
-5.31533298482511e-01
-5.94289198151838e-01
1.12522019357363e+00
2.55001304853513e+00
-2.19234391169539e+00
-1.61731510632676e+00
7.43693210164246e-01
-7.41036404104438e-02
2.84045157079193e+00
-2.88920790034709e+00
6.91181886412509e-01
1.08263072857991e+00
-1.39646069577810e+00
3.03468459458984e+00
7.42317482059450e-01
-9.11121837554334e-02
-2.25863656324299e+00
2.94088094267974e+00
8.06103553052048e-01
2.23078340351492e-01
1.92605177198942e+00
-2.38515361995189e+00
3.00166110661508e-01
-2.77362991732542e+00
-2.94663506298545e+00
2.98864109895475e+00
9.74010085305379e-01
1.59721332598193e+00
1.65757394036629e+00
-2.86567313201511e+00
-9.29353529055583e-01
2.12726496597334e+00
-1.00084625273415e+00
1.99639461460938e+00
2.63965026668756e+00
-1.83316862284155e+00
-2.22389467119967e+00
-2.67923005301597e+00
-9.62537562298230e-01
-2.70756427516164e+00
-3.07459520072070e+00
9.52741479619902e-01
1.62252502364292e+00
2.18121806732023e+00
-2.57085255039062e+00
2.56547254742518e+00
4.79852365702638e-01
2.35877166180648e+00
2.53525505406838e+00
-9.09997008549353e-01
5.23026892098303e-01
-3.01984871737598e-01
1.36294509516883e+00
1.84605717866618e+00
1.63231579924030e+00
2.64643153849392e-01
-2.50711905937963e+00
2.07086478937268e+00
-2.61428497431475e+00
-2.24051017783526e+00
-1.20293768406580e+00
3.08846596635906e-01
-1.04287958025157e+00
-2.91297169015762e+00
6.79871794481718e-01
-6.15999989253128e-01
-8.66322630134282e-02
3.01289805879106e+00
3.50492786182022e-03
-2.98681847570097e+00
1.49282635014329e+00
6.59602213022037e-02
1.45982898510154e+00
9.67689121943700e-01
1.94939943061381e+00
-1.68469295368859e+00
-1.47171752264334e+00
-5.52441891235090e-01
-2.38649155007228e+00
9.30511334184860e-01
-1.03313594442506e+00
4.37281720401160e-01
1.96540405510512e+00
4.31995450389261e-01
2.53973745198783e+00
2.52050330397964e+00
1.81455331201666e+00
-2.10254823636808e+00
-2.06908284458417e+00
-2.27460560923417e+00
9.48946007833789e-01
1.27399499357945e+00
-1.64952203767342e+00
-4.32301975020965e-01
1.48466257386576e+00
-7.58498979448225e-01
-2.49452845715179e+00
-2.34287423162549e+00
2.89049931076280e+00
2.31046069974919e+00
-1.40382041248096e+00
1.08614833635043e+00
-9.14991114212599e-01
-2.21008755315043e+00
-2.78217329515558e+00
1.18236190457488e-01
1.61467518712652e+00
-2.57900458481689e+00
-1.56434486097747e+00
-1.59004828675007e+00
1.84162255790445e+00
2.13654082095986e+00
1.86545233812843e+00
2.36957305183795e+00
-2.65198022180327e+00
1.65461604655929e+00
-1.92005698682348e+00
3.90115306042054e-01
6.68556817949817e-02
-2.47253212881701e+00
-1.53768398878054e-01
-5.14574809089540e-01
1.12715329800834e+00
1.20901764766943e+00
-1.33403731981649e+00
-2.97295170422200e+00
1.62759452857899e+00
2.07540968125656e+00
-1.26496051889821e+00
-1.78643278627252e+00
3.04588081506335e+00
-1.55859155122640e+00
8.73626155009679e-01
2.73507685276359e+00
5.36212789797796e-01
-1.95358084693446e+00
-2.33749801462007e+00
-2.82503869844767e-01
-1.21437946416967e+00
2.18189673984638e+00
-1.01206105782608e+00
1.40690803418752e+00
-5.88710480936125e-01
1.79833426942568e+00
3.65713008722262e-02
2.62396779544665e+00
1.23084068589858e+00
-2.75243257306931e+00
2.80372390234711e+00
-8.56504831036665e-01
2.85725935654879e-02
-2.20270764577973e+00
-2.84129722792088e+00
-4.25753279470356e-02
2.09875455512238e+00
-2.75932854276668e+00
-1.40397562501392e+00
-1.65256494836416e+00
-1.18876023199367e+00
-2.03227421330399e+00
1.23013839712348e+00
-2.83144326300221e+00
-2.91229629564483e+00
1.31941120404585e+00
2.66465482567621e+00
1.92842281938852e+00
2.07735405048162e+00
1.63196321849399e+00
6.29983541673726e-01
2.60911621294844e+00
-1.75585587201901e+00
-1.48270146746449e+00
3.12950224494528e+00
-2.30685539651018e-01
-2.85824264930495e+00
3.11201124935024e+00
-8.30835054084480e-01
2.90904916390373e+00
9.76930922148918e-01
-1.85391060437443e+00
-6.37821294305633e-01
-2.04097531793220e-01
-2.90473576354988e-02
-2.00287933266446e+00
-7.71212152767605e-01
4.11320922643288e-03
-2.17979425092236e+00
2.71776616830339e+00
4.25430092742015e-01
-1.54934191558571e+00
6.39679058786007e-01
1.73374051731162e+00
2.36607241676022e+00
-1.29967881936069e+00
-1.86974169257471e+00
7.09971430506590e-01
-3.01287390371041e+00
-1.75137935370120e+00
1.36597012504024e+00
-3.40894553580711e-01
2.65702505440466e+00
-1.37039848747189e+00
-1.68227523703584e+00
-2.53880205507167e+00
2.17987205917394e+00
1.28450627723549e+00
1.81490507539121e+00
-1.59362359585674e+00
-1.11475859007786e+00
2.62077760815886e+00
-1.02085422667173e+00
-1.80886294975096e+00
2.77476782550478e+00
1.68321717390681e+00
2.85238708468062e+00
9.75400523054033e-01
-3.15328601377407e-01
3.12147176955793e+00
-6.42264898666453e-01
-2.90252221696785e+00
-2.90820278895596e+00
-2.88799034888020e+00
-3.01183037243152e-01
-4.44442008396374e-01
-2.21699180935244e+00
2.57157849108342e+00
-4.15416987974301e-01
1.09205063541506e+00
-1.18532295453250e+00
5.45438200283868e-01
1.63758988508028e+00
-5.67968944598909e-02
2.50028610561547e+00
2.91672379887653e+00
1.32114606799212e+00
-2.57908159291448e+00
-1.88199256202821e+00
7.22521319345927e-01
3.04429977213444e+00
-4.16703118093726e-01
-1.11708382688766e+00
1.49389947103907e+00
4.11572082844115e-01
-2.29444563615430e+00
-1.53154540858178e+00
9.88872754782197e-01
9.72079982707417e-01
-4.96094138591507e-03
1.77122946133786e-01
1.31990403529212e+00
-2.34729492269340e-01
2.39991810896563e+00
-5.93103876062990e-01
-2.11866393325849e+00
9.57415818286992e-01
9.94035797885631e-02
1.41071105129424e+00
3.07699788097342e+00
4.76734731147511e-01
1.31699657069564e+00
1.66579060209810e+00
1.84298065206540e+00
4.30453243267676e-01
2.58758973624764e+00
-1.39805625173329e+00
2.58655095604560e+00
-2.18314538834513e+00
-2.71705792312617e+00
-2.31558672854100e+00
2.51916882521153e+00
-8.33764252386273e-01
-8.00202571231351e-01
-2.86217269712408e+00
1.30874205166080e+00
4.37087439950533e-01
8.24159236458106e-01
-7.58190163561830e-01
-2.96964041920895e+00
-7.57413338159941e-01
-7.61775562282017e-02
-1.99135593832096e-01
3.42878008075319e-01
-1.27270267054588e+00
-1.97321660590421e+00
-7.84195453438099e-01
-5.05128829975674e-01
-9.50596910750285e-01
-4.89110340688428e-01
-2.37996684404398e+00
-2.52129952643843e+00
1.65889193726813e+00
3.05913966264784e+00
-2.45202366745897e+00
2.47626112485541e+00
2.14209527703770e+00
6.08113383945394e-01
-5.98748601344931e-01
-1.95949636830436e+00
-1.51392456624120e+00
2.61230416350213e+00
-6.58784601015088e-01
-1.62198817970846e+00
-2.96353827077867e+00
-2.86662389704407e+00
2.15204071478119e+00
1.05651516378553e+00
2.31498079161531e+00
-2.97498594682252e+00
1.94557942398680e+00
-3.13582250524407e+00
-3.82610667733174e-02
1.05313820568017e+00
2.12742357548936e+00
-2.33590696718823e+00
2.13522235917398e+00
-7.36613515851162e-01
1.51115159118764e+00
4.53752186772819e-01
2.27456048978706e+00
-2.51602194198263e+00
-1.59349596541129e+00
-1.05293082406802e+00
-3.19544735572729e-01
1.53068477236736e+00
-1.53013763513691e+00
2.42489213169554e+00
-2.72535846025913e+00
2.96734545102404e+00
-1.38017015338307e+00
-1.51801668725995e+00
2.81580620481120e+00
-1.52893398636974e+00
-3.28059005167880e-01
-1.70995900195130e+00
-4.06735067025858e-01
1.61277303483255e+00
-2.20513314773308e+00
-2.14846194700760e+00
2.51706994283303e+00
2.38917377377041e+00
1.30304462613125e+00
5.34353808501684e-01
1.54907102161446e+00
-2.41669363515103e+00
-1.95389974978731e+00
-1.24521841310443e+00
-2.28212348555755e+00
7.65861664302293e-01
1.74045885264152e+00
-1.49725537118185e-01
1.43081608408186e+00
4.51875352498781e-01
1.70472039040231e+00
-2.30133366023312e+00
-9.55155051587878e-01
1.72341545821881e+00
1.40969797968559e+00
3.12782817666249e+00
-2.21606113439533e+00
-2.15692938457602e+00
2.72367486974933e+00
-2.73605488053554e+00
1.70145553272245e+00
3.01329423119203e+00
1.92670126164382e+00
2.90371306036489e+00
-4.12754719586820e-01
-1.36421457285405e+00
1.47326687523465e+00
2.56184015718831e+00
2.02161462583957e+00
2.84324342307216e-01
-8.39477313073584e-01
-2.78161771704537e+00
-1.87172111282150e-02
9.51796300537221e-01
-2.21317175269427e+00
-2.28311442828090e+00
2.62900442734812e+00
-1.92545359582469e+00
-2.38518182977897e+00
6.15617158261802e-01
2.26814336124535e+00
3.34172202690317e-01
1.89678378716816e+00
-1.65907139200130e+00
-1.18509154549189e+00
-2.12870042838962e+00
-1.70926824892574e+00
1.83384562797048e+00
-5.20710820766728e-01
-2.21643796956341e+00
1.65073116898805e+00
4.75654097525323e-01
-1.09770049089259e+00
1.79889039508659e+00
5.05400055688423e-01
1.77316550524593e+00
9.50341534160401e-01
4.19069117162761e-01
6.43982162766199e-01
-1.10878606755188e+00
-1.46496486735149e+00
2.94517440004970e+00
1.42975630783866e+00
6.80062757683200e-01
2.40098618185923e+00
-2.63116526741590e+00
-2.04662678060021e+00
-2.38857048875917e+00
3.80578808395290e-01
-1.46204098902649e+00
2.45493188203148e+00
-1.85884494501899e+00
-4.51343272546080e-01
6.03044101567914e-01
-5.25334211661204e-01
-4.11664696714671e-01
-1.65607805357016e-01
-2.37603015747086e+00
1.53374308880136e+00
6.63271507549257e-01
-4.44611197859124e-01
-2.29832300439670e+00
2.89417334745026e+00
-2.14551932853895e+00
1.93069525161528e+00
-1.13112010703810e+00
1.47584627821939e+00
-1.04294366217863e+00
-5.54294151030715e-01
-2.39705929209190e+00
-1.51018382399918e+00
2.57127219091969e+00
3.62323612348336e-02
-8.76332763452396e-01
1.25206946872347e+00
2.99853087930865e+00
-9.14511225375007e-01
8.66425674723348e-02
3.01451306281784e+00
1.87724582343709e+00
-2.76120064314074e-01
-2.65847726102797e+00
1.05024166105801e+00
-7.37802507702334e-01
2.26323319206495e+00
-1.08393422666710e+00
-1.68465491175611e+00
-8.50213008315786e-01
-2.65801176954617e+00
-2.86686615339419e+00
-2.20636410637040e+00
2.04675509237238e+00
-1.97747956414117e+00
-4.56229995256491e-01
1.40254492498529e+00
-2.46074498721149e+00
-1.07499806519156e+00
7.36363199424680e-01
2.14659664116599e+00
-2.33771501515312e+00
9.41485878615954e-01
2.38048500873216e+00
-6.39947362743234e-01
-3.04747150605283e+00
7.68754074201529e-01
-1.40322904336910e+00
-1.67648394640736e+00
1.66442766889694e+00
-1.00649005183723e+00
-2.86004758257705e+00
2.01239711283440e+00
2.38166834168863e+00
2.90407727565213e-01
-2.65418817480136e+00
1.44138432640842e+00
-1.43559107663386e-01
-2.78626011817999e+00
8.76580919703215e-01
2.68784109720098e+00
-8.10349873903196e-01
1.80459823884753e+00
-2.11288347304599e-02
5.93610525968866e-01
-2.97314268887349e-01
-2.85443825699111e+00
1.28575172270945e+00
-2.29516998510409e+00
9.00658235331017e-01
1.54325793909881e+00
-5.01441530037205e-01
2.60485248444909e+00
-2.45449115331685e+00
2.05742162406147e+00
-1.17778409065642e+00
2.96621493292441e+00
-4.09091464181674e-01
2.49883048126698e+00
-1.20576932351276e+00
-1.52843221267143e+00
-1.15865156847025e+00
1.57957845032032e+00
2.98819238537652e+00
-1.53682795281723e+00
-1.89728534280244e-01
-2.65498267413865e+00
3.02027228245451e+00
2.53880529311782e+00
-2.65566516412993e-01
-1.50930835372069e+00
-2.82692117020795e+00
-2.65786980516959e+00
-1.95931920814604e+00
-2.11975071913443e+00
-2.98326988095923e+00
-2.46221213211754e+00
-1.28706861092764e+00
-9.07519732498635e-01
1.55513199689466e+00
-9.59408390908751e-01
2.64394843756405e+00
2.31140591921268e+00
-2.56851673512796e+00
-2.56114673979321e+00
2.00911029036633e+00
2.10665323635157e+00
-2.73096623299334e+00
-1.44895877805985e+00
8.39754588858766e-01
6.19050957748701e-02
5.61608429316439e-01
-2.48995641469180e+00
-3.75395986303305e-01
-2.63442021546212e+00
-9.11732073224517e-01
2.99215251105034e+00
1.62416801929354e+00
-6.20348865020055e-01
4.90776791520471e-01
2.62978507112967e+00
1.23864501904465e+00
2.23560060601380e+00
-8.62216045685202e-02
1.18134218380733e+00
-2.37579456788343e+00
1.60149003565638e-01
-1.74452152160782e+00
3.13147765664573e+00
-9.22929172344827e-01
1.81477410898353e+00
-1.68623935827084e+00
1.01874409578671e+00
2.43945308598339e-01
-1.76038603858935e+00
1.31620807125041e+00
-1.11456509191819e+00
-1.25682258669398e+00
-1.21209981660580e+00
-3.85637646265888e-01
2.68432498528044e+00
1.32213542147571e+00
-2.02832898888579e+00
1.29828471871700e+00
-2.24463488591520e+00
1.94036104381230e+00
5.15866802727340e-01
1.14914307950751e+00
1.58033091836805e+00
2.89052503339327e-01
-2.96712897836251e+00
2.59004172650085e+00
1.36531104906596e+00
2.49539814332392e+00
-1.47324348499493e+00
-3.55921199509223e-01
-2.38871174660527e+00
-1.79384115692842e+00
4.19821303666525e-01
-1.57874363447064e+00
-2.39566685737218e-01
6.27841612112184e-01
-1.42777850847771e+00
-7.45606728777381e-01
2.61963069226351e+00
1.09394923942425e+00
1.99829779634040e+00
1.68027974173998e+00
2.01375206142446e+00
1.60839987851436e+00
1.61874853960672e+00
2.23326677995308e+00
2.58844337982479e+00
-1.52702971395039e+00
1.40823328203467e+00
1.08020651048516e+00
-1.84692315584842e+00
-1.17820522253972e+00
-9.24381603523390e-02
-1.93925219032057e+00
1.69016630820533e+00
2.81080381494850e+00
-2.94809322529348e+00
-8.30269644185471e-01
-3.10804784457542e+00
-1.27041373939313e+00
-1.37425998457607e+00
-1.42789841363608e+00
1.62831161893312e+00
-1.76710431365386e+00
9.58018668536035e-01
1.34356113807391e+00
-1.64403778796075e+00
-5.41969849446040e-01
-7.44631092440672e-01
-2.80702040712063e+00
-2.06182432967229e+00
-3.03427705318840e+00
-4.65330090539672e-01
2.77730964340605e+00
2.10130054223135e+00
1.84550155648501e+00
-1.71430498851042e+00
-2.51075524309122e+00
3.05945740609253e+00
2.71675143583705e-01
-7.41837494519756e-01
3.13055548464404e+00
3.12500158220568e+00
-2.68132542315209e+00
-2.44324878732743e+00
-3.14710557780615e-01
6.58679089774359e-01
-1.84108439306617e+00
2.61230012574757e+00
1.83131803494739e+00
-6.64358383308159e-01
-1.81644400899533e+00
4.52524722672421e-01
1.41859422305857e+00
1.60026168594997e+00
1.71066129780240e+00
-1.54798451791284e+00
-9.75778089602303e-01
-8.07510535364581e-01
-1.03401886392342e+00
2.12373028412715e+00
1.26477508620570e+00
1.02455691141271e+00
2.51071855085374e+00
3.12671447605735e+00
-2.24561078599497e+00
1.88024666476659e+00
-2.02788960653415e+00
-2.77056309330955e+00
-1.24163905270532e+00
8.74373113557670e-01
-2.54329908085538e-01
-2.67022117636231e+00
-1.54008256523979e+00
2.66104829062881e+00
-2.10727847725910e+00
1.58824515682195e+00
-1.02974937501972e+00
1.27989793158184e+00
2.42477764611900e+00
3.03359349619141e+00
-1.46847726769278e+00
2.42637782055613e+00
3.13852795850205e+00
-6.72988303414444e-01
2.96892901982439e+00
2.12502877770126e+00
3.20640497171696e-02
-1.40079058135271e+00
-2.46240325022940e+00
2.09322454330847e+00
-1.09351203499354e+00
-2.96863194074712e+00
-1.40007056584170e+00
3.06355748171144e+00
1.58313250402042e-01
-1.96731813923197e+00
1.71450631495020e+00
2.71421539198002e+00
1.98414932318777e+00
1.63195300104256e+00
-2.12174462892399e+00
7.34171484247461e-01
-1.93517571958850e+00
2.81050543324184e+00
-2.98505498390429e+00
1.08314078300581e+00
-1.32507612642568e+00
-2.38896754820478e+00
-2.32033481579148e+00
-1.21215845412604e+00
-1.19848943614642e+00
1.00035656097758e-01
2.91952919842949e+00
1.54356855121878e+00
-1.11241931786376e+00
1.43552349205078e+00
-2.52576600429295e+00
-1.75475135057533e+00
2.91577275537990e+00
3.01350330303182e+00
-2.52852225724670e+00
8.95652750685634e-01
1.39914881232325e+00
1.63577496631872e+00
1.84847066501045e+00
4.01051613590881e-01
-3.06924412576444e+00
-2.74280088455593e+00
2.85111948136280e+00
1.94089701501184e+00
5.26558000638961e-02
1.64424466949740e+00
-4.74079690164032e-01
-2.44774938791207e+00
-1.93638619711022e-01
9.64257604702185e-01
-4.64751033035331e-01
2.03866766326849e+00
3.93127261157807e-01
-1.37123679142908e+00
-2.77620107596515e+00
2.96858294150428e+00
6.08718479971817e-01
-1.47254201399766e+00
2.72928628142328e+00
-2.65071833980171e+00
3.13975313506281e+00
2.35398413860742e+00
1.50464212784832e+00
1.51279726893834e+00
-7.31790278202717e-01
-2.65937986343091e+00
-1.39854615224727e+00
2.46756673780582e+00
-1.10272516503684e+00
5.84859098654130e-01
6.13093380906805e-01
-2.02570878044140e+00
1.67248456744568e+00
1.42132752861472e+00
2.25609947018470e+00
-2.79848516100899e+00
1.75651057556541e+00
-2.11059637660296e+00
2.57615798793357e+00
-2.50059447377271e+00
-5.68700875390502e-01
5.93580350218296e-01
-2.59745170179945e+00
-4.17611865115245e-01
-1.22460612126103e+00
-2.89544291069599e+00
-3.05148963158666e+00
1.44739083732211e+00
2.46060506863869e+00
1.13693989179179e+00
6.81944095695733e-01
-1.63376695355976e+00
-2.35725502261158e+00
2.35031195251752e+00
-1.65952600398514e+00
3.11703349223647e-01
2.74114500481395e-02
-8.53087711977900e-01
2.23402426510987e+00
-1.10072399433571e+00
1.14302427325926e-01
-9.08686652778889e-01
-2.82870741511336e+00
4.49166849398441e-04
-1.28573385802684e+00
-1.53165830700941e+00
-5.07867311902176e-01
2.84286798349785e+00
-1.23859948871019e+00
-1.62191494096813e+00
1.22434778056844e+00
-2.26824156371013e+00
-2.89328595885082e+00
-1.27823024640518e+00
1.24420410634271e+00
-1.99085116678562e+00
-3.09988103600878e-02
1.34769278404837e+00
-2.04425708759292e+00
-3.28055884020214e-01
4.23615128622856e-02
1.48512928859577e-01
-1.39426981898764e+00
-2.47671132464971e+00
4.38095858075728e-01
-5.44071398559433e-01
-2.56945853252605e+00
3.31721402838819e-01
2.23194467786608e+00
-3.64338799187288e-01
-1.17460384040502e-01
1.36734128150484e+00
1.00180509631899e+00
-3.09137276134436e+00
1.63597884116788e+00
-1.53921541649374e+00
-2.52828044202542e+00
2.63405956137055e+00
1.40720082114041e+00
-8.71869778050957e-01
1.52078169779658e+00
-2.92950325884640e-01
2.38902206156513e+00
-3.21130664853734e-01
-1.43834683331084e+00
-2.37273716822863e+00
2.65928462079972e+00
-4.93673396826398e-01
-1.20015014856818e+00
2.07724328489555e+00
2.08728616830135e+00
-3.10138594408929e+00
2.65741963636593e+00
3.00111160516177e+00
-6.45654585258909e-01
1.40309156688021e+00
3.24218098037379e-01
1.06668234421792e+00
-5.23824513251574e-01
1.17308861922525e+00
1.71159392747294e+00
-1.33457817259895e+00
