-3.141592653589793
-3.110018858076328
-3.0784450625628628
-3.046871267049397
-3.015297471535932
-2.983723676022467
-2.9521498805090016
-2.9205760849955364
-2.8890022894820713
-2.8574284939686057
-2.8258546984551405
-2.7942809029416753
-2.76270710742821
-2.731133311914745
-2.6995595164012793
-2.667985720887814
-2.636411925374349
-2.604838129860884
-2.5732643343474186
-2.541690538833953
-2.510116743320488
-2.4785429478070227
-2.4469691522935575
-2.4153953567800923
-2.383821561266627
-2.3522477657531615
-2.3206739702396963
-2.289100174726231
-2.257526379212766
-2.225952583699301
-2.194378788185835
-2.16280499267237
-2.131231197158905
-2.0996574016454397
-2.0680836061319745
-2.036509810618509
-2.0049360151050437
-1.9733622195915785
-1.9417884240781134
-1.910214628564648
-1.8786408330511828
-1.8470670375377176
-1.8154932420242522
-1.783919446510787
-1.7523456509973219
-1.7207718554838565
-1.6891980599703913
-1.6576242644569261
-1.6260504689434607
-1.5944766734299956
-1.5629028779165302
-1.531329082403065
-1.4997552868895998
-1.4681814913761344
-1.4366076958626692
-1.405033900349204
-1.3734601048357387
-1.3418863093222735
-1.310312513808808
-1.278738718295343
-1.2471649227818777
-1.2155911272684123
-1.1840173317549472
-1.152443536241482
-1.1208697407280166
-1.0892959452145514
-1.057722149701086
-1.0261483541876208
-0.9945745586741556
-0.9630007631606904
-0.9314269676472251
-0.8998531721337598
-0.8682793766202945
-0.8367055811068294
-0.8051317855933641
-0.7735579900798988
-0.7419841945664335
-0.7104103990529683
-0.678836603539503
-0.6472628080260378
-0.6156890125125726
-0.5841152169991073
-0.552541421485642
-0.5209676259721767
-0.4893938304587115
-0.45782003494524626
-0.42624623943178097
-0.39467244391831574
-0.36309864840485045
-0.3315248528913852
-0.29995105737791994
-0.2683772618644547
-0.23680346635098942
-0.20522967083752416
-0.1736558753240589
-0.14208207981059365
-0.1105082842971284
-0.07893448878366315
-0.04736069327019789
-0.01578689775673263
0.01578689775673263
0.04736069327019789
0.07893448878366315
0.1105082842971284
0.14208207981059365
0.1736558753240589
0.20522967083752416
0.23680346635098942
0.2683772618644547
0.29995105737791994
0.3315248528913852
0.36309864840485045
0.39467244391831574
0.42624623943178097
0.45782003494524626
0.4893938304587115
0.5209676259721767
0.552541421485642
0.5841152169991073
0.6156890125125726
0.6472628080260378
0.678836603539503
0.7104103990529683
0.7419841945664335
0.7735579900798988
0.8051317855933641
0.8367055811068294
0.8682793766202945
0.8998531721337598
0.9314269676472251
0.9630007631606904
0.9945745586741556
1.0261483541876208
1.057722149701086
1.0892959452145514
1.1208697407280166
1.152443536241482
1.1840173317549472
1.2155911272684123
1.2471649227818777
1.278738718295343
1.310312513808808
1.3418863093222735
1.3734601048357387
1.405033900349204
1.4366076958626692
1.4681814913761344
1.4997552868895998
1.531329082403065
1.5629028779165302
1.5944766734299956
1.6260504689434607
1.6576242644569261
1.6891980599703913
1.7207718554838565
1.7523456509973219
1.783919446510787
1.8154932420242522
1.8470670375377176
1.8786408330511828
1.910214628564648
1.9417884240781134
1.9733622195915785
2.0049360151050437
2.036509810618509
2.0680836061319745
2.0996574016454397
2.131231197158905
2.16280499267237
2.194378788185835
2.225952583699301
2.257526379212766
2.289100174726231
2.3206739702396963
2.3522477657531615
2.383821561266627
2.4153953567800923
2.4469691522935575
2.4785429478070227
2.510116743320488
2.541690538833953
2.5732643343474186
2.604838129860884
2.636411925374349
2.667985720887814
2.6995595164012793
2.731133311914745
2.76270710742821
2.7942809029416753
2.8258546984551405
2.8574284939686057
2.8890022894820713
2.9205760849955364
2.9521498805090016
2.983723676022467
3.015297471535932
3.046871267049397
3.0784450625628628
3.110018858076328
3.141592653589793
