-3.141592653589793
-2.9804853380210856
-2.8193780224523786
-2.658270706883671
-2.4971633913149636
-2.3360560757462565
-2.174948760177549
-2.013841444608842
-1.8527341290401345
-1.691626813471427
-1.5305194979027197
-1.3694121823340124
-1.2083048667653051
-1.0471975511965976
-0.8860902356278904
-0.7249829200591831
-0.5638756044904757
-0.40276828892176836
-0.241660973353061
-0.08055365778435367
0.08055365778435367
0.241660973353061
0.40276828892176836
0.5638756044904757
0.7249829200591831
0.8860902356278904
1.0471975511965976
1.2083048667653051
1.3694121823340124
1.5305194979027197
1.691626813471427
1.8527341290401345
2.013841444608842
2.174948760177549
2.3360560757462565
2.4971633913149636
2.658270706883671
2.8193780224523786
2.9804853380210856
3.141592653589793
