8.87720941549560e-01
7.73554197311745e-01
-9.60734044546645e-02
8.74727569387740e-01
1.07164355203896e-01
-5.97380845435410e-01
-9.31666841590725e-01
-9.97461658754083e-01
-9.80431824400410e-01
1.74576772536863e-01
-1.42452096352744e-01
-1.41662986558684e-01
-9.13421144282690e-01
8.58443564891809e-01
-8.63387883653646e-01
9.01099696406400e-01
-4.89132268599098e-01
-1.53830151290145e-01
4.46828228788127e-01
1.28630462459993e-01
-1.11722857566365e-01
-5.14553258375952e-01
6.88728928440712e-02
-9.95645134622013e-01
-8.33073009164652e-01
1.48822373763954e-02
-8.73172478807169e-01
-9.77117794977733e-01
2.67905500888130e-01
-9.99469349730036e-01
9.99983907498780e-01
6.94417804213278e-01
9.78517340059943e-01
-7.96039614437635e-01
5.33201624089117e-01
8.55749241417345e-01
-7.57508452552658e-01
-9.83756514716806e-01
-6.65891431706768e-01
-5.54436511680230e-01
-8.29544052354344e-01
-6.61879993741041e-01
3.46840894993516e-02
-6.32111369708794e-01
-7.14690270000741e-01
9.19555183280089e-01
9.31504691551029e-01
-9.88475232282622e-01
-1.71211968074576e-01
-6.33345573263277e-01
9.79526985145845e-01
9.95956070145213e-01
3.42180715283593e-01
-4.60176387431692e-01
-5.36397861823869e-01
7.39931676893644e-01
-3.83128013848215e-01
9.98073184720817e-01
9.99530676939277e-01
6.02707210415560e-01
2.85009783435352e-01
-7.39335674533059e-02
9.15591834337125e-01
3.99810227271005e-01
-2.79436679671328e-01
-2.17257923071063e-01
-9.92311994520588e-01
5.59930589749803e-01
-9.63373188846076e-01
-9.07259581559988e-01
-4.84017752860525e-01
3.72347917956575e-01
2.65804164831631e-01
-9.89837383683422e-01
-1.75512860174746e-01
9.99984253989574e-01
7.01984219832392e-01
-4.65813535735940e-01
9.61316235385963e-01
7.52589363497487e-01
5.40414404916022e-01
2.32845139873755e-01
7.70714655405927e-01
8.30607335365961e-01
9.76580586436831e-01
9.57172266753550e-01
9.96230320737827e-01
-9.08462510794867e-01
-9.99880847912650e-01
7.87783564805206e-01
2.02841678799357e-01
6.13051009153230e-01
5.48687514020130e-01
2.37375495117410e-01
9.43876271609995e-01
-3.52996095423337e-01
-7.45647014900555e-02
7.19470331437752e-01
-7.37300402695039e-01
-9.01091647987187e-01
8.86344094385242e-02
-7.11897318847618e-02
7.68169336004048e-01
-8.43749111158957e-01
9.95962344497208e-01
9.75681472632076e-01
-6.54253777464227e-01
1.57124974870212e-01
-8.38706179921789e-01
3.93560078069902e-01
9.66040899784780e-01
-5.52454538284253e-01
1.67312899472613e-01
9.34803622922578e-01
9.96831601594151e-01
-2.31435903426894e-01
9.82676173163229e-01
3.83849463597995e-01
8.76005397319450e-01
9.16747430763952e-01
1.29579048421230e-01
-3.64683952594261e-01
-7.03525605568324e-01
6.59633379479268e-01
6.99542017251435e-01
9.57057134919487e-01
-3.49099113900718e-01
9.99649485155740e-01
-7.31280890729379e-01
-9.86239219595980e-01
-7.74417680839687e-01
8.95859053394434e-01
8.03893280557443e-01
6.44461001724832e-01
-7.69282944338080e-01
-9.51959406975327e-01
-8.26356757503320e-01
-7.00908148158215e-01
3.49491720726547e-01
4.15006801290442e-01
5.91632296906398e-01
-1.98783812495718e-01
9.77200498873266e-01
-9.32603721533805e-01
6.89941847561292e-01
8.53653083705792e-01
-7.83741518406553e-01
6.27325614202168e-01
9.53768941839074e-01
2.66037955894146e-01
-3.96251091429503e-01
-3.02033965989457e-01
-3.02931899026878e-01
-6.54313624417320e-01
9.99065055269542e-01
5.43530913584249e-01
-9.99954437704065e-01
2.80169456005907e-01
9.03755985124755e-01
-9.77582475000670e-01
-8.04019329707548e-01
5.22201178562858e-01
-1.01681541330014e-01
-7.04335711727502e-01
3.37861041604342e-01
9.72013526567218e-01
-8.71983199134621e-01
8.79146692335769e-01
-4.45187264781875e-01
1.70535357405174e-01
6.83607040404361e-01
4.00322397162457e-01
-4.31079172391922e-01
-3.47079740030463e-01
-3.63687780323034e-01
-8.50669115245134e-01
-6.11620439422489e-01
-7.07785405653597e-01
9.61796941507282e-01
-4.68125774625476e-01
-1.81974060263873e-01
-1.32037409989406e-01
-3.43093233543566e-01
-3.99204210048881e-01
6.45156092507849e-01
9.27476246078526e-01
7.26657306224277e-01
-6.60643637048210e-01
9.92205271836660e-01
4.35977413404274e-01
-2.99040437598049e-01
-2.51786381616659e-01
-4.07354267847568e-02
6.21805382578685e-01
-9.52659517040420e-01
9.60169461717831e-01
-4.93477968406134e-01
7.54933557476534e-01
-9.58732233664997e-01
-9.75178514713511e-01
1.93546884271521e-01
1.51009914477070e-01
-9.97282997979146e-01
9.17202893331527e-01
9.43911554592129e-01
-6.25159023027874e-01
9.66773364482363e-01
-8.79823737056769e-01
6.64506306477428e-01
-9.91397863058898e-01
-8.69349989751732e-01
-7.45343135241075e-01
-7.21638505983266e-01
2.22251400837647e-02
-6.15784621270785e-01
9.31112155053554e-01
8.27462231350134e-01
7.09783331138387e-01
-1.13791532278907e-01
9.15385770061624e-01
-4.54875829556933e-01
-8.78763381211012e-01
-4.87369044944591e-01
-7.60281791359710e-01
1.04341492931625e-01
-9.47099161901094e-01
-8.76069893606450e-01
3.11359024220426e-01
-3.78427579817837e-01
4.82702413090650e-01
-8.04981143457775e-01
9.19738816450478e-01
-5.14478363559770e-01
-7.84317618438945e-01
7.17322277451111e-01
6.88063129100565e-01
-6.55221193255487e-01
-9.71979503783477e-01
9.76765719214208e-01
-8.60006830593531e-01
-6.42424134124373e-01
4.37227612654141e-01
2.07277611492432e-01
8.14558216872690e-01
-9.81261324665445e-01
-4.08689922127066e-01
8.86205311356225e-01
-1.64181452397577e-02
7.31324111991870e-01
-9.87162024398662e-01
1.58287819182632e-02
3.38245455890082e-01
-9.99967539406263e-01
9.96197721058903e-01
9.71155120760527e-01
7.83972118011930e-01
3.74583982435050e-02
1.14232532094330e-01
6.10776461570309e-01
9.57636066074402e-01
6.41694589000916e-01
-8.71955102271448e-01
5.87503198817239e-01
-7.81945350690109e-01
-8.92710956789517e-01
-9.87225339402489e-01
5.15414028939053e-02
8.97842355926610e-01
1.01372113009329e-01
5.67009860560634e-01
3.44494452777720e-01
6.14588502790361e-01
3.64054951919718e-01
6.63445877308772e-01
-9.49084870681475e-01
-5.21028261806943e-01
-7.89359596425207e-01
-5.77356414048040e-01
-8.00124869843760e-01
9.89990732485171e-01
8.82294973105262e-02
8.30348862845089e-01
8.59477679028279e-01
6.73330608506414e-01
-9.17690311570247e-01
-4.68712670194595e-01
-7.47812194468105e-01
-8.69533820122800e-01
-1.13850595780088e-02
-9.92598268052041e-01
2.97725745247718e-01
-6.29354595938554e-01
8.47365230022427e-01
-1.18016924165168e-01
9.96758464423059e-01
4.07878476473660e-01
-9.20636148796626e-01
2.24419536442608e-01
-5.32420576579928e-01
3.24050292241880e-01
2.37854313872371e-01
-2.09125292252611e-01
-8.90776922377858e-01
4.03368092143359e-02
9.94661563061667e-01
2.17287344551187e-02
-3.68533929569503e-01
9.51106890256329e-01
6.14699281904024e-01
6.23454696899399e-01
-9.88896193249593e-01
-7.75620439436019e-01
-9.02615601638556e-01
8.22076625126237e-01
8.34112846226478e-01
7.95349892980156e-01
-9.17315204738776e-01
-9.55974130387519e-01
7.81590934732352e-01
-9.09812230504050e-01
-6.95165919357751e-01
2.67427724767447e-03
9.82080846576960e-01
-4.20949587375476e-01
5.88785887927586e-01
5.43270181883927e-01
-2.75798823777078e-01
8.48545315448087e-01
-1.60643554439466e-01
-5.43696527967696e-01
-8.12878011626366e-01
7.04086727257480e-01
-9.49964340780806e-01
9.46316384503794e-01
-7.26850345379938e-01
8.60310556599454e-01
4.09569343311381e-01
-9.65129552049666e-01
-8.91220397716968e-01
6.22709920826611e-01
-6.07640193601420e-01
6.12834735718266e-01
4.96181800904960e-01
2.07756272993353e-01
-7.05482084173894e-01
-5.00757720642269e-01
7.86076846968668e-01
8.35538491656534e-01
4.62321722141558e-01
7.85470912819769e-03
-4.04168125263155e-01
7.40664078170360e-01
9.62274425661918e-01
6.91781535967130e-01
-7.36858114336895e-01
-8.13999424788367e-01
7.85628227492208e-01
1.63824748866333e-02
-2.32985034747430e-01
-7.24477105539081e-01
-3.45569243563395e-01
6.41000238597312e-01
8.11905549004628e-02
9.94644252038439e-01
-9.94769879949255e-01
2.05479778973651e-01
2.93860256728337e-01
7.98691352727572e-01
9.72099749999019e-01
6.89991682946385e-01
4.12107458051801e-01
-9.23094576086568e-01
6.44318331207402e-01
9.86104005152876e-01
-9.95616728239247e-01
8.45589455375356e-01
-3.08197141108010e-01
-3.88731110421468e-01
-9.72585512733770e-01
-2.29500281025545e-01
7.60245563194043e-01
9.90761919966184e-01
6.24573138236384e-01
8.31870228477618e-01
-9.72710012014868e-01
7.73252814338958e-01
-6.69464092348238e-01
-4.33394668203544e-01
-9.99999975593226e-01
-9.33388961069521e-01
-9.06750457424148e-01
-5.50712222796626e-01
5.89679862902401e-01
-2.99530540667888e-01
-5.64699604771239e-01
-5.09282112675401e-01
8.83872245280338e-01
-3.66167504270169e-01
2.48326144433946e-01
-1.02618021608093e-01
-2.80106951019152e-01
-4.93273741882534e-01
-6.95498613380020e-01
1.01466706654092e-01
-9.85699752476003e-01
7.30153394984860e-01
4.88670491354202e-01
-1.64196574750081e-01
-9.91636252710224e-01
-1.42682667048475e-01
8.01377257256127e-01
6.64962567224014e-01
-6.86745674927827e-01
4.10854649800965e-01
1.12112452775934e-01
8.38649674660283e-01
-9.77969897254592e-01
9.95475686275769e-01
9.64070102951467e-01
-3.10075433575336e-01
-1.45398737212181e-01
1.04376931695344e-01
7.24163520424299e-01
-2.01161348863577e-01
9.99424294898870e-01
7.65832096933422e-01
5.55639581711643e-01
-1.83193473160683e-02
9.73879138212651e-02
9.56244377997595e-01
-1.61032955616029e-01
8.36422639287457e-01
6.62353079511721e-01
-8.55452687037666e-01
-6.98273867215705e-01
9.90420377326420e-01
-9.93893604042596e-01
-9.63473715992063e-01
-8.31781506855874e-01
9.51350765770262e-01
7.41744109865536e-01
6.02285893869162e-01
-2.85024155136816e-01
1.66737730087265e-01
-9.04739816538306e-01
-9.21497472472997e-01
5.22684677648980e-01
2.43369467874260e-01
-7.78315898085947e-01
-8.88275037226475e-01
-9.37043304695920e-01
9.97370604672543e-01
7.97959423267911e-01
-4.73842946148906e-01
-5.13011586431013e-01
6.88725647778710e-01
-6.28806307800521e-01
9.29272413901180e-01
-4.50357151152476e-01
8.34456725927237e-02
-9.13218915848032e-01
9.74380665116891e-01
9.99504668226429e-01
9.67147077695599e-01
-3.90128138517162e-01
-9.91437405300214e-01
-1.27057614254953e-01
6.43832806850835e-01
-1.27122283649563e-01
1.49065674508480e-01
6.54190182868216e-01
-5.67922193163565e-01
2.58093612921725e-01
6.94485685649536e-01
5.68187599902146e-01
-3.72714371026927e-01
8.66152669281792e-01
7.40105305680296e-01
9.62949825369861e-01
9.67490252533844e-01
-6.30937618284092e-01
1.11195405577283e-01
-6.24620003852504e-01
3.26395855715039e-01
3.31137035431851e-01
3.56182518300647e-01
-9.46701112525723e-01
-6.56165862948006e-01
-6.39872365112551e-01
-7.85238379027998e-02
-9.99585525280437e-01
-7.56814016292394e-01
6.70864140489577e-01
2.56466054179707e-01
-9.99922736024612e-01
-4.86487260278262e-02
6.88402229365630e-01
-1.79462080056922e-01
-6.49721875221404e-01
4.98594693976889e-01
7.06631050036952e-01
-4.11685262905329e-01
-9.98588730984585e-01
5.66790251056342e-01
-9.16087541381574e-01
-9.36641796601254e-01
-1.21763954084023e-01
5.62479006958776e-01
7.15847451221990e-01
-9.96549657778432e-01
9.45254993745895e-01
-3.48805633830359e-03
-2.75622671495541e-01
-9.98588620654659e-01
-8.11436378974493e-01
8.39368069565233e-01
-9.78830092823542e-01
-9.32674307845625e-01
-5.03852284063309e-01
3.48814496898576e-01
-9.21696366133742e-01
-9.48158093395964e-01
-9.59552248378666e-01
-8.10836825390948e-01
6.22077071762886e-01
8.50780001017681e-01
9.99816126783722e-01
3.01822925890242e-02
1.92236643645266e-01
-8.43995342322941e-01
9.98520093606691e-01
-1.03096096759608e-01
2.49392165532371e-01
6.03827787989214e-01
-1.75081582678176e-01
-9.91679111389094e-01
6.94066776899458e-02
-8.99544165463580e-01
-4.58898878734568e-01
9.99860766989390e-01
-8.27053869571352e-01
-8.20785591463288e-01
9.99407089423265e-01
5.59676426494368e-01
3.02848103790041e-01
-9.52758293442607e-01
9.99972369327179e-01
1.36338201608342e-01
1.24997513227178e-01
-3.93564720111029e-01
9.74592698174348e-01
-9.88888661735911e-01
1.94126189822634e-01
-3.51034520728345e-01
3.41148679214400e-01
6.64633919975696e-01
1.36474206390537e-01
-9.94227187268419e-01
-7.22529624384061e-01
9.99988054055123e-01
9.11579064464053e-01
-9.14331667298514e-01
-7.91352448059754e-01
3.68397724118697e-01
-1.79447639031960e-01
3.93699961077501e-01
-1.42351343195086e-01
-3.83160730904997e-01
3.79761443790377e-01
-9.89915726809207e-01
-3.94157156374039e-01
2.67171893911195e-01
9.90202335594571e-01
-9.50885273295839e-01
-1.59765013793441e-03
9.82088651550007e-01
-9.50277916497319e-01
-4.69964042656354e-01
-8.99604438900168e-01
-1.87560000244734e-01
8.88017925082147e-01
2.81757098971492e-01
-3.78918141574993e-01
-3.82503737923709e-01
-9.80025426949156e-01
2.61635981200448e-01
4.48018103879967e-01
9.12898852975438e-01
2.43826690305238e-01
-9.49923202255777e-01
-9.86257526713614e-01
-7.33651788317789e-01
2.91490391386010e-01
-1.36400408775862e-01
-9.76595373780107e-02
-5.71298114897561e-01
9.82389163914033e-01
-8.72359158369574e-01
-2.11457003152090e-02
8.07990398691178e-01
-9.49425993689471e-01
-6.48101976957996e-01
-4.02218700239106e-01
-8.44103720708329e-01
-6.65037223489999e-01
6.30485357401012e-01
3.52568777611884e-01
-5.91718789465877e-01
-4.44796446709381e-01
-6.32577678007144e-01
9.81365800882785e-01
8.95412263503568e-01
8.31692780953901e-01
7.07529825763659e-01
2.28879344830711e-01
8.47824547646725e-01
9.98672819117125e-01
9.81630979205716e-01
-9.83590357171169e-01
3.48023064417334e-01
-9.99736603323048e-01
5.98490909772367e-01
-8.88118983989120e-01
1.39239283251167e-01
-9.11012244786192e-01
-8.76673684268690e-01
-8.75752598218920e-01
4.10004038467264e-01
5.56037134933484e-01
8.59380359894268e-01
9.83308196110052e-01
-8.75256388094686e-01
-9.10124412733810e-01
-7.49863793563840e-01
-5.51285820381206e-01
9.94234944225086e-01
4.16840932593588e-01
8.48787531712010e-01
-8.50546752341133e-01
8.94510215855065e-01
-9.90812951521387e-01
-9.99946169244010e-01
-3.49523766518725e-01
4.97610933173413e-01
-4.38722943814131e-01
-8.07876583962530e-02
-9.97958563245792e-01
9.15673920573626e-01
8.00929905911011e-01
-9.00984091642616e-01
1.07117561353508e-01
-6.94147989356874e-01
-9.65749358474668e-01
1.92125669345833e-02
7.06780973464567e-01
-7.65682121645538e-01
4.06155364920894e-01
9.99766806464606e-01
-8.52047910263893e-01
-9.72996245907930e-02
-2.66793042687813e-01
9.80159482783834e-01
-9.94203567539296e-01
-6.73001215363113e-01
4.21772409477502e-01
2.37962328492798e-02
6.80255507197146e-01
-4.56658619181121e-01
-9.60601256834686e-01
-9.91984606687063e-02
-5.17370289738619e-03
9.98922915813988e-01
8.97957036509230e-01
-6.74711944226893e-01
9.69790195295460e-01
7.90321191078636e-01
-6.90459540553551e-01
8.14823246180570e-01
-7.70491224721815e-01
9.91503777025333e-01
2.83317369921621e-01
-7.43574767962920e-01
-9.69584315678563e-01
-8.64258091918073e-01
-7.16399481414132e-01
9.74164817056166e-01
9.50758550858999e-02
9.84411434698388e-01
4.72818080278048e-01
-6.42569818621333e-02
9.42315061857393e-01
-3.50491071966374e-01
3.69011739656165e-01
2.21564766103068e-01
4.18479943377470e-01
-9.95012836548136e-01
-2.07117188939343e-01
-9.74398803943407e-01
9.29457539057966e-01
-7.94398497852416e-01
-3.50072019383600e-01
-3.45920626654367e-01
-4.42665036128471e-01
1.96213488608889e-01
-4.71759014411709e-01
3.39256787561068e-01
-9.25748498983205e-01
-3.65298533845417e-01
-9.72448617398191e-01
9.16429696603581e-01
-7.81293591846697e-01
-4.65338164491634e-01
-2.98287973946583e-02
-9.75673574850809e-01
-3.98974348161996e-01
-1.29617930470941e-01
-4.60761149191362e-01
-6.29828083703410e-01
6.77413045425668e-01
8.93049604463298e-01
-9.38693135934894e-01
-5.75471517954930e-01
-6.55787478458627e-01
-9.78066725765652e-02
-6.57037018797638e-01
-3.95787862656811e-01
-2.66582501457020e-01
-5.36886900940925e-01
-4.93456816439534e-01
-9.24822573759789e-01
8.86879520809300e-01
4.77589211902000e-01
9.99104854192649e-01
6.91674944935398e-01
-9.87169615633280e-01
-8.40624361112452e-01
-3.56243235463546e-01
-9.99190376378739e-01
1.25483524088235e-01
-8.31494104524588e-01
9.61679712215517e-01
1.46816969639866e-01
6.91476252391718e-01
4.66896161441491e-01
-5.36440124626785e-01
-1.10752484387436e-01
-1.19061092290256e-01
7.73623381504962e-01
9.99768810616838e-01
-5.60762673542421e-01
8.63961774853531e-01
-4.64878877521969e-01
9.99993006375510e-01
-7.39530802597021e-01
4.15166018125559e-01
-8.42091208439965e-01
9.92668691374265e-01
-8.77173295758791e-01
-6.76081557133667e-01
-9.99995652654037e-01
-9.99996639484598e-01
-9.81054993506573e-01
-7.89527164706610e-01
7.34988817145690e-01
-7.14249596993345e-01
3.02668719622015e-01
5.36974886313416e-01
-4.19345665689783e-01
2.12553933924959e-01
5.40774152539130e-01
9.98729634999129e-01
6.37544320851430e-01
1.05296631141012e-01
-5.19352917397666e-01
-2.33633186798392e-01
5.98871036306490e-01
6.46343545869447e-01
7.89568175998414e-01
9.31760857653560e-01
4.87990180886962e-01
4.89522032475319e-01
9.87796557508721e-01
8.43280140854693e-01
-4.77841255879603e-01
9.12860712234643e-01
1.58099589902539e-01
8.69512191729359e-01
9.42644218586629e-01
-8.32373755053555e-01
9.87459597705793e-01
-2.43291084870802e-01
6.58189591425919e-01
1.68421763973104e-01
9.85686937321815e-01
-9.03310602134404e-01
-4.41107211730258e-02
8.11070270074255e-01
-7.35763446958446e-01
-8.83309096040868e-01
-9.98647009550018e-01
5.76166048461638e-01
-7.48419487736001e-01
-8.59406023095256e-01
2.75310842678735e-01
9.81972134624524e-01
-4.76508226628495e-01
9.42562922696125e-01
9.89919050834101e-01
4.47011123141268e-01
-4.88525676083808e-01
-9.91453884544383e-01
6.85575865630558e-01
6.10905706435108e-01
-9.97479177389886e-01
-2.33428975213843e-01
6.52893878729054e-01
-2.20580355040389e-01
8.30225860588047e-01
-4.53003403987003e-01
-4.02046434984507e-01
9.99690061877746e-01
3.35870502198477e-01
9.20242928114331e-01
9.99193575133299e-01
7.19053165369711e-01
9.99815420619057e-01
-9.97881914003115e-01
8.91312608629312e-01
-9.99929931692384e-01
-4.29313723043492e-01
9.80280100452131e-01
-9.19173488353794e-01
2.04258607118991e-02
7.07699288486258e-01
-9.84742064237592e-01
-8.46226696293860e-01
-7.08188270480253e-01
9.33372516813200e-01
-7.53582191743319e-01
4.25466464324858e-01
8.20528352365730e-01
-8.46356500113223e-01
8.23774337713943e-01
-7.63681425083955e-01
-9.96436860554360e-01
6.80796191738019e-01
-3.94048537023403e-01
9.95975663026038e-01
-2.48088826099512e-01
-8.19675364032028e-01
-5.45087784025438e-02
-3.12219593505283e-01
3.81731158165317e-01
1.66845187512899e-01
3.61948215575905e-01
7.93953266383277e-01
-8.01758399674434e-01
-1.22046917574695e-01
-7.52373417060096e-01
-4.60508998194595e-01
-8.11404317125642e-01
-3.57415974134020e-01
-4.04791202547775e-01
-9.28457706867926e-01
9.10072948718771e-01
-1.92908440798804e-01
-8.47164292278615e-01
9.97108348705158e-01
-5.56829429480861e-01
-6.50642965968381e-01
-9.99589877784556e-01
-9.35181214226440e-01
7.44057768476174e-01
9.98156277900203e-01
2.69214377894705e-01
-9.85686191221987e-01
-6.23346798405367e-01
-7.36090292209588e-01
2.10313734273015e-01
-3.35769401538568e-01
-2.73374674349726e-01
-6.43365491597140e-01
-1.59276182485560e-01
7.82267186184380e-01
-1.81021077089449e-01
-8.61917210753974e-01
6.00561293390815e-01
2.17071029822846e-01
8.38814386520289e-01
-9.54839273057798e-01
6.38294515759024e-01
-3.46422765225052e-02
4.39928997647861e-01
8.25647358221810e-01
-9.18478330089815e-01
-2.01339568115207e-01
1.07413751243932e-01
-4.75482748512173e-01
5.27779417983357e-01
8.66992661233881e-01
-2.28128331981493e-01
-3.53712348369209e-01
-4.91607070866531e-01
6.12165352221796e-01
9.77277009809883e-01
6.74767958354703e-01
9.82128533674460e-01
9.89823246158306e-01
-7.68799609498552e-01
-4.45442531027630e-01
9.02656424494144e-01
-5.45660424267763e-01
9.99715812665167e-01
-8.18275020651010e-01
-8.74699722844531e-01
9.65687769575623e-01
-2.97738317577317e-01
-6.69859352001632e-01
-7.51355614318392e-01
3.71255920676264e-01
-2.38804348437038e-01
9.93314020332350e-01
-6.91192088554592e-01
8.46744055244848e-01
1.17538678035257e-01
6.40627756573853e-02
9.50031009773291e-01
-7.62148394556120e-01
-5.30943983046313e-01
-9.87696130921536e-01
-7.60853800978468e-01
-9.82091462096022e-01
-9.99737758519284e-01
-9.95831211801342e-01
-9.79109753362873e-02
-4.99071768585251e-01
6.54877822384534e-01
-6.50694479338069e-01
6.41810289796389e-01
1.55414250909861e-01
-4.04048131393337e-01
8.77591511069339e-02
9.98331520103455e-01
-8.04855125597461e-01
-6.86103832740172e-01
-4.67492706409365e-02
-8.68389698169838e-01
3.33686179435668e-02
-7.05430786322229e-01
5.84859334965889e-01
-8.78462958859886e-01
2.95924627125319e-01
1.55924964718901e-01
-6.23697843707028e-01
2.62517596536842e-01
-1.69227313874860e-01
9.39076323083548e-01
-9.48776147428945e-01
-8.03500162276432e-01
-8.54396622650852e-01
8.10594077355600e-01
9.02140649049218e-01
-9.28251644708276e-01
9.33138162408580e-01
7.41171935263256e-01
5.76367282116792e-01
4.21542540266992e-01
-6.18433175954056e-01
9.95442491938308e-01
-6.77074756316114e-01
-7.34107054669871e-01
-4.56405387665625e-01
4.61920752176084e-01
-6.97352843767840e-01
9.61053585480965e-01
9.19701343124041e-01
9.87898225369343e-01
1.04487487312027e-02
9.90640894198282e-01
5.09521021743259e-01
-7.94336184325801e-01
-1.72008804200510e-01
8.83159938410337e-01
9.87150553425503e-01
-4.31908445904157e-01
-7.87613537728346e-01
7.21310237134863e-02
-8.65109900084536e-01
-2.34919207253888e-02
-1.08564383601193e-01
-6.56147025780655e-01
7.70664096927746e-01
-9.69940450268788e-01
-8.83242162008456e-01
-2.67249555124880e-01
6.85175915383390e-01
-2.21239704400813e-01
-6.56527966535811e-01
1.31726310478296e-01
-9.64081416780977e-01
-9.95656729698363e-01
9.54402018532791e-01
3.95053701103845e-01
9.50608122659042e-01
-8.79670525980943e-01
-2.27937632931497e-01
-9.05724772166150e-01
-7.84676240808990e-01
1.15374488030499e-01
4.29957647369041e-01
-3.64068584043131e-01
-6.45659323986673e-01
4.89396939420950e-01
-9.81021241069307e-01
-9.86725097896670e-01
-9.50404808971102e-01
7.70866853325604e-01
4.77751190093840e-01
3.22901629798204e-03
9.50958180386945e-01
8.45441115316472e-01
5.42377342549871e-01
-8.93421619118426e-01
-3.22579571711873e-01
-5.63934591244286e-01
-9.52576533849141e-01
-8.88574803602356e-01
6.02540695632366e-01
8.57721945747833e-01
-7.85555525360227e-01
-6.89165199535681e-01
-9.83221029511230e-01
8.46987389310956e-01
-4.27206306990144e-01
7.63268854308977e-01
-1.12254408467150e-01
9.92470385493177e-01
-7.36682632479359e-01
-2.81870358647788e-01
-9.93568216298033e-01
-9.76520128412394e-01
-9.98146308511575e-01
8.72289049938729e-01
9.78608830667014e-01
9.07115342008975e-01
-9.69069427084401e-01
-2.21474221210458e-01
-9.94249680037500e-01
6.90646502034592e-01
9.34475240361699e-01
9.99030622162696e-01
-7.75533433192242e-01
-9.84544902607021e-01
3.03536749511144e-02
7.72549949639751e-01
1.62374967148749e-02
9.87032518428682e-01
6.46557225370331e-01
-2.86799572885968e-01
-1.95870178670775e-01
3.34536156303040e-01
8.64886929937145e-01
-9.81810480419379e-01
1.16688423986616e-01
5.47199808045717e-01
-5.72877283568762e-01
-9.00735213067860e-01
-9.18872177479327e-01
-9.70156542437682e-01
-2.91085124500491e-01
-2.71155718405899e-01
-7.44511799543175e-02
9.98910050846506e-01
-5.15434707477770e-01
9.99809409904487e-01
-3.46272440608849e-01
-8.96600102201183e-01
9.46800965041318e-01
7.63124733901771e-01
9.64191670896352e-01
-8.45360803753689e-01
-8.16852260186336e-01
7.05374543475124e-01
-4.65721338720489e-02
-9.99864738627872e-01
9.79532011080400e-01
7.72352841033851e-01
-3.92244119604113e-01
9.80566095606562e-01
-6.14915313172882e-01
-6.57420239484319e-01
2.54115921844328e-01
2.51218367281834e-02
6.56218768258156e-01
-5.94716889461478e-01
-7.16387847769405e-01
-5.28301584463758e-01
-7.36237370312884e-01
-6.08408868978697e-01
-4.77401509410122e-01
6.87877607293368e-01
-9.61692773662408e-01
-2.81573076778492e-01
9.16616260684693e-01
9.74825393707083e-01
-6.45099140622084e-01
-5.28884350194964e-01
-7.40955823216907e-01
-5.47777551096500e-01
-3.26031097392846e-01
4.35128770938345e-01
-9.19533983645147e-01
9.97232907775506e-01
-9.28386631068058e-01
7.44012093626863e-01
4.78661291872112e-01
-6.16879798420220e-01
4.26941060537391e-01
7.34933607485420e-02
-9.99411346971878e-01
-4.68487499168993e-01
-4.32096873189931e-01
-7.88513356410183e-01
9.32010188700043e-01
8.75980562893823e-01
-8.33592550687865e-01
-7.79832612849790e-01
5.24905963619395e-01
-9.99837416312171e-01
-2.56807909893795e-01
7.21824567300706e-01
5.43721253723164e-01
3.53960209071956e-01
9.92615785580529e-01
-9.96091138876902e-01
-9.99989001110678e-01
-9.99727166317596e-01
3.60105790947222e-01
-8.37652974474848e-01
9.97697790997686e-01
5.55778369208727e-01
-1.33627527149296e-01
8.58237676030145e-02
8.34915117419726e-01
-8.48427846892749e-01
3.94588869425649e-01
-9.24913741524153e-01
1.94045359412269e-01
-1.86663768028431e-01
8.29674567253151e-01
-6.27580588034003e-01
-1.57613916105325e-02
-4.90647312991385e-02
-7.18900414167325e-01
8.53602757557888e-01
4.46093858027868e-01
-5.32342297833285e-01
6.92202963364303e-02
1.00605373545570e-02
-9.00965355981261e-01
-8.68085759432203e-01
8.20558986615587e-01
-8.03458407164848e-01
-9.11828727564465e-01
-9.98756165179300e-01
-5.06855687202997e-01
-5.59919963469274e-01
9.02362514523110e-01
5.57672886361229e-01
-8.12978281153365e-01
-9.98918196681457e-01
6.77010626443864e-01
-7.40358375311949e-02
2.96610132064712e-01
-2.49713870605229e-01
6.37448262620406e-01
8.83194690557462e-01
-9.84841993620446e-01
1.06704527377119e-01
6.75997487026551e-01
-9.09861758327365e-02
-7.72618984965787e-01
1.99366804495974e-01
7.21595088938358e-01
2.21232728842725e-01
9.37557667940082e-01
-6.86335965990052e-01
2.95678894159673e-01
-3.59715286155960e-01
-1.93724929149409e-01
1.52355889166572e-01
8.27145974210245e-01
9.99651091368403e-01
9.96237185058203e-01
-2.72431792765471e-01
-8.01233291103190e-01
8.49125634397129e-01
-8.41927915749881e-01
9.10791883416995e-01
4.81129238002086e-01
-9.65777388211682e-01
-7.94204904540128e-01
-4.46063880108581e-01
-8.20644271956118e-01
-4.20529068093422e-01
-6.69473426669513e-02
8.15007118431052e-01
9.98662369276945e-01
8.19406343535695e-01
-5.40254994489727e-01
5.44774433800507e-01
4.61648219637327e-01
7.05282099444788e-01
5.69861745536336e-01
-7.89501903696298e-01
4.99504652625312e-01
-2.97415843680781e-01
9.78476588535469e-01
9.62354331358910e-01
9.98108273993963e-01
2.61564861937259e-01
-5.92753637787480e-01
8.77549737125503e-01
-5.03208558452537e-01
-7.83999328282425e-01
-9.33099555297561e-01
3.03960009028016e-01
-8.63858351566594e-01
-2.26634585620028e-01
6.28693329737705e-01
-5.77774998345377e-01
-8.65239389972010e-02
1.28339642480252e-01
3.50492068576562e-03
-1.54156980506938e-01
9.96961880979217e-01
6.59124022916159e-02
9.93849439798683e-01
8.23577173710540e-01
9.29181866734914e-01
-9.93520788003194e-01
-9.95095709212841e-01
-5.24767440672397e-01
-6.85362295969563e-01
8.01925529025636e-01
-8.58909214430418e-01
4.23478526464830e-01
9.23147442703705e-01
4.18683767332078e-01
5.66172664786325e-01
5.81921413789317e-01
9.70438076518685e-01
-8.61920098209931e-01
-8.78402760319927e-01
-7.62382636930969e-01
8.12801963671983e-01
9.56276870939136e-01
-9.96902731390673e-01
-4.18962112514639e-01
9.96292781148922e-01
-6.87832675678857e-01
-6.02846655410340e-01
-7.16462618020020e-01
2.48463164616580e-01
7.38694826392490e-01
-9.86091881420553e-01
8.84839004092176e-01
-7.92557168374153e-01
-8.02518832767848e-01
-3.51730753324830e-01
1.17960896637345e-01
9.99037477255982e-01
-5.33377171000362e-01
-9.99979189366584e-01
-9.99814686742726e-01
9.63550185617212e-01
8.44189752443617e-01
9.56902096924034e-01
6.97583711593065e-01
-4.70283888663866e-01
9.96489183520152e-01
-9.39625974137815e-01
3.80295060198482e-01
6.68058889825029e-02
-6.20249332061881e-01
-1.53163146403929e-01
-4.92164763970273e-01
9.03193953148668e-01
9.35268760735423e-01
-9.72103264576841e-01
-1.67842733637322e-01
9.98387415728190e-01
8.75361470992751e-01
-9.53595632023066e-01
-9.76840409346142e-01
9.55657733121645e-02
-9.99925522651159e-01
7.66662147840752e-01
3.95411483351327e-01
5.10883989237762e-01
-9.27628201171309e-01
-7.20202831758288e-01
-2.78761137494209e-01
-9.37153060024370e-01
8.19017130883358e-01
-8.47926240891094e-01
9.86600346285485e-01
-5.55289046788079e-01
9.74224737131943e-01
3.65631493083979e-02
4.94817544599858e-01
9.42769457789296e-01
-3.79411431973594e-01
3.31477091566730e-01
-7.55557559373210e-01
2.85687059794607e-02
-8.06899989518620e-01
-2.95802424682611e-01
-4.25624666907086e-02
8.63837455005128e-01
-3.73022116563604e-01
-9.86117666034244e-01
-9.96658808516295e-01
-9.27907481885409e-01
-8.95395414290648e-01
9.42535050445440e-01
-3.05200902710410e-01
-2.27292354531401e-01
9.68568807507457e-01
4.59060883666574e-01
9.36730312190987e-01
8.74419774614815e-01
9.98129888856742e-01
5.89131459082107e-01
5.07668479359860e-01
-9.82925295750109e-01
-9.96122156752775e-01
1.20901140880813e-02
-2.28644956832864e-01
-2.79573631675381e-01
2.95770901802912e-02
-7.38494671519019e-01
2.30453293866685e-01
8.28783916291425e-01
-9.60190130999307e-01
-5.95446494779070e-01
-2.02683505716172e-01
-2.90432730280652e-02
-9.08095434013372e-01
-6.97004944398636e-01
4.11319762822773e-03
-8.20221662882109e-01
4.11251380720007e-01
4.12712574742583e-01
-9.99769862947552e-01
5.96937985023998e-01
9.86753942133024e-01
7.00087648775776e-01
-9.63472220274991e-01
-9.55647623502483e-01
6.51812104740902e-01
-1.28363597767559e-01
-9.83739146521451e-01
9.79096349347853e-01
-3.34330303157587e-01
4.65825781708107e-01
-9.79987461810691e-01
-9.93792658784523e-01
-5.66943452191355e-01
8.20177150513972e-01
9.59298147164116e-01
9.70353118304846e-01
-9.99739469207091e-01
-8.97804498414144e-01
4.97587284784202e-01
-8.52554784156665e-01
-9.71795727962672e-01
3.58653314485133e-01
9.93687429194941e-01
2.85190876222421e-01
8.27926582514445e-01
-3.10128887494910e-01
2.01195264027836e-02
-5.99010573685842e-01
-2.36799603650035e-01
-2.31276804627098e-01
-2.50892664256424e-01
-2.96650198242448e-01
-4.29954164141885e-01
-7.98380473839227e-01
5.39643972107773e-01
-4.03571487822177e-01
8.87573438477820e-01
-9.26620549562501e-01
5.18792757740901e-01
9.97770139491900e-01
-5.67663626555831e-02
5.98242907925486e-01
2.22978520560815e-01
9.68998889807635e-01
-5.33312029999623e-01
-9.51967966699145e-01
6.61278116422428e-01
9.71394598950886e-02
-4.04747896046985e-01
-8.98826091288026e-01
9.97044893377979e-01
4.00050624731761e-01
-7.49394429761626e-01
-9.99229781602756e-01
8.35406939548677e-01
8.26059741377487e-01
-4.96092103703545e-03
1.76198265078046e-01
9.68691279573023e-01
-2.32579904349040e-01
6.75523564220311e-01
-5.58937475653292e-01
-8.53637157826032e-01
8.17706754813370e-01
9.92399583311506e-02
9.87213693846296e-01
6.45498618706702e-02
4.58880442056351e-01
9.67965354628353e-01
9.95491435767462e-01
9.63185969403620e-01
4.17282742202922e-01
5.26095617417226e-01
-9.85117495265613e-01
5.26978738506363e-01
-8.18300056714401e-01
-4.11896858561094e-01
-7.35229987941231e-01
5.83006153531756e-01
-7.40466539712301e-01
-7.17497208916170e-01
-2.75798148112292e-01
9.65859825216223e-01
4.23302518620420e-01
7.33977016736220e-01
-6.87608482919247e-01
-1.71106117916608e-01
-6.87044236828817e-01
-7.61039009546188e-02
-1.97822081083059e-01
3.36198962811387e-01
-9.55898115967789e-01
-9.20115796172720e-01
-7.06255825604626e-01
-4.83920185014983e-01
-8.13762572747153e-01
-4.69840726382442e-01
-6.90098979398902e-01
-5.81273705445152e-01
9.96122090666230e-01
8.23595966437018e-02
-6.36204705377552e-01
6.17319984338260e-01
8.41199309920899e-01
5.71320080399179e-01
-5.63609207671522e-01
-9.25402507378223e-01
-9.98383237267308e-01
5.04919317511342e-01
-6.12156243607149e-01
-9.98689983221593e-01
-1.77115052582115e-01
-2.71516867335926e-01
8.35780048056311e-01
8.70646549684541e-01
7.35640567729650e-01
-1.65837003346281e-01
9.30587045563063e-01
-5.77011632663552e-03
-3.82517323351116e-02
8.68980431986100e-01
8.49041847609220e-01
-7.21305730455515e-01
8.44895772628460e-01
-6.71783237883721e-01
9.98221780018268e-01
4.38341109974618e-01
7.62411834145108e-01
-5.85560003694098e-01
-9.99742374265939e-01
-8.68877791246143e-01
-3.14134374912659e-01
9.99195639456486e-01
-9.99173549258230e-01
6.56900520718451e-01
-4.04319053482332e-01
1.73366788717804e-01
-9.81885784187820e-01
-9.98607478131538e-01
3.20053965789992e-01
-9.99123900182108e-01
-3.22206155838587e-01
-9.90332491989047e-01
-3.95612870745125e-01
9.99119107350193e-01
-8.05464902314225e-01
-8.37739665675257e-01
5.84710142337510e-01
6.83406631610148e-01
9.64368152115171e-01
5.09285034747389e-01
9.99764014839492e-01
-6.63059854642172e-01
-9.27509042221424e-01
-9.47466035256060e-01
-7.57496121473067e-01
6.93158330819837e-01
9.85641805454960e-01
-1.49166745888923e-01
9.90218753012731e-01
4.36653423969689e-01
9.91045568237292e-01
-7.44815963432227e-01
-8.16403289787906e-01
9.88376288866426e-01
9.87051701240276e-01
1.37640422932262e-02
-7.98940537011260e-01
-8.33085877045991e-01
4.05858321939100e-01
-3.94512971875166e-01
9.91476222682930e-01
1.27946736255179e-01
9.37331558304978e-01
2.35642461977591e-01
-4.01134223064747e-01
-9.78737766717997e-01
9.95247771761916e-01
5.47816892492671e-01
9.00090869035697e-01
2.80508984390482e-01
-7.44294144174956e-01
-3.52250776355982e-01
-1.87161182681416e-02
8.14459069551783e-01
-8.00674902728967e-01
-7.56848822946852e-01
4.90434469469840e-01
-9.37765563730033e-01
-6.86315449143144e-01
5.77462490856949e-01
7.66548581045731e-01
3.27987277005373e-01
9.47334959676544e-01
-9.96106285893288e-01
-9.26533515459230e-01
-8.48366561597191e-01
-9.90428072787105e-01
9.65601570461884e-01
-4.97496876158114e-01
-7.98713847842050e-01
9.96806911252829e-01
4.57920033471324e-01
-8.90161956332041e-01
9.74099135875300e-01
4.84157520126105e-01
9.79593144625400e-01
8.13614121990429e-01
4.06910297687977e-01
6.00384773739613e-01
-8.95158236803981e-01
-9.94405076089610e-01
1.95157713951169e-01
9.90070333226073e-01
6.28841821442526e-01
6.74735647901243e-01
-4.88550201222496e-01
-8.88912616561135e-01
-6.83846928158972e-01
3.71457926137720e-01
-9.94091964915941e-01
6.33958271545600e-01
-9.58800052675954e-01
-4.36174687197529e-01
5.67152258811150e-01
-5.01502178028320e-01
-4.00135502983996e-01
-1.64851850974554e-01
-6.92942663758329e-01
9.99313607313960e-01
6.15698031893644e-01
-4.30106910815132e-01
-7.46821505032820e-01
2.44902671839645e-01
-8.39342911512481e-01
9.35932425078625e-01
-9.04889526576935e-01
9.95495629763993e-01
-8.63890630089548e-01
-5.26343267635787e-01
-6.77628716335793e-01
-9.98163624573601e-01
5.39901818854701e-01
3.62244342111525e-02
-7.68397117491076e-01
9.49635136548728e-01
1.42574273706994e-01
-7.92264442055040e-01
8.65342048074423e-02
1.26737827420538e-01
9.53410676735638e-01
-2.72624744515765e-01
-4.64540267519756e-01
8.67543443809926e-01
-6.72663505906126e-01
7.69692571231125e-01
-8.83805289196528e-01
-9.93525110770216e-01
-7.51420969993831e-01
-4.64952434087461e-01
-2.71283703699947e-01
-8.04734772647314e-01
8.88853832597050e-01
-9.18437868345799e-01
-4.40566837902355e-01
9.85879091948775e-01
-6.29451920283985e-01
-8.79589229981385e-01
6.71597795500737e-01
8.38756794916015e-01
-7.20052267739621e-01
8.08433562019519e-01
6.89723883215371e-01
-5.97153220414734e-01
-9.39822424911848e-02
6.95240235118389e-01
-9.85993422810184e-01
-9.94420260181022e-01
9.95619787338952e-01
-8.44959828522196e-01
-2.77840217008505e-01
9.04068666341782e-01
6.88866581677676e-01
2.86342903767653e-01
-4.68334191853322e-01
9.91637947123099e-01
-1.43066508731628e-01
-3.47902146671209e-01
7.68555907213413e-01
4.38340543379901e-01
-7.24528367542576e-01
9.72792609659853e-01
-2.11272626828530e-02
5.59357522966258e-01
-2.92953366998613e-01
-2.83224289010997e-01
9.59649110931788e-01
-7.48914624493780e-01
7.83735905543677e-01
9.99620842564033e-01
-4.80690101663992e-01
5.11337279647305e-01
-6.34299055119876e-01
8.83916053795341e-01
-9.23759648196932e-01
1.74480076727992e-01
-3.97775926468293e-01
5.99408687069294e-01
-9.34114122021595e-01
-9.99102775118126e-01
-9.16263793425862e-01
9.99961437401040e-01
1.52799348973616e-01
-9.99423130256307e-01
-1.88592307534436e-01
-4.67632063108576e-01
1.21022978421758e-01
5.66940784826134e-01
-2.62455966833395e-01
-9.98110210101395e-01
-3.09504102104080e-01
-4.65078115527025e-01
-9.25469634031275e-01
-8.53070581700000e-01
-1.57662178682727e-01
-6.28311213795445e-01
-9.60018588019610e-01
-7.87979059209697e-01
9.99877316892994e-01
-8.18852125323958e-01
4.77356815243371e-01
7.38057380748185e-01
-5.42219110601566e-01
-5.48396872531141e-01
9.05468526357187e-01
8.59831425824130e-01
-3.99183753111998e-01
-9.92586982811510e-01
7.44479294735011e-01
6.18655641438857e-02
5.32548260191242e-01
-6.06488178306193e-01
-3.66640968633107e-01
-4.85707559563959e-01
-7.90565607451793e-01
1.48884538217791e-01
9.98576069278074e-01
-5.81319058897686e-01
4.71311134796016e-01
4.89754006164218e-01
9.45343038587428e-01
7.87037541351038e-01
-8.61148133309240e-02
9.25116450566556e-01
-6.93112502898052e-01
1.59465305230423e-01
-9.84947692648376e-01
1.01148244620603e-02
-7.97372755998874e-01
9.70384763462520e-01
-9.93343850430943e-01
8.51450052605946e-01
2.41532994576532e-01
-9.82081639038684e-01
9.67767074308405e-01
-8.97719266132993e-01
-9.51113830384950e-01
-9.36355214337284e-01
-3.76150029917468e-01
4.41498140199854e-01
9.69242850223056e-01
-8.97145138934868e-01
9.63097932423001e-01
-7.81432205693255e-01
9.32484662320220e-01
4.93289036014643e-01
9.12413563917270e-01
9.99954546126113e-01
2.85044164011742e-01
-1.73579979341150e-01
5.24008803146618e-01
9.78962082632615e-01
6.02152542250736e-01
-9.95245493867212e-01
-3.48453977114879e-01
-6.83743856009231e-01
-9.75228454460424e-01
4.07597280904287e-01
-9.99968420316568e-01
-2.37281709526150e-01
5.87399350203819e-01
-9.89790372026723e-01
-6.78417684625207e-01
4.98581808102031e-01
8.88446461019936e-01
9.10004475808599e-01
9.94012675160123e-01
9.03488748907599e-01
9.99293069756474e-01
9.98850512930841e-01
7.88475145859886e-01
5.25369465619717e-01
-9.99042394673760e-01
9.86815701483841e-01
8.82055122327168e-01
-9.62118599698427e-01
-9.23920848304107e-01
-9.23065721115200e-02
-9.32884617461708e-01
9.92883859730373e-01
3.24789202253811e-01
-1.92294184988489e-01
-7.38113320605624e-01
-3.35385182953801e-02
-9.55223356902538e-01
-9.80748820151992e-01
-9.89807455085601e-01
9.98346451489954e-01
-9.80793386337819e-01
8.18053627911713e-01
9.74292987591860e-01
-9.97319042962078e-01
-5.15824550028915e-01
-6.77700584844371e-01
-3.28365164963767e-01
-8.81848587707924e-01
-1.07109733160219e-01
-4.48717819053217e-01
3.56279445561174e-01
8.62552063134181e-01
9.62505199789496e-01
-9.89720292509931e-01
-5.89821202011044e-01
8.20429285237430e-02
2.68345516328726e-01
-6.75643704466386e-01
1.10369448574560e-02
1.65903102414488e-02
-4.44187543612158e-01
-6.42950123393243e-01
-3.09541257639633e-01
6.12072808575889e-01
-9.63694020048651e-01
5.04922802761869e-01
9.66255725605110e-01
-6.16554106805328e-01
-9.69980022086922e-01
4.37237524627423e-01
9.88439602528658e-01
9.99565927711692e-01
9.90234829551541e-01
-9.99739821970648e-01
-8.28138276595765e-01
-7.22568449818213e-01
-8.59361047279074e-01
8.50987312923921e-01
9.53539783642975e-01
8.54484098787241e-01
5.89850831838494e-01
1.48776286325414e-02
-7.80822881641728e-01
9.52501105162650e-01
-8.97339143284342e-01
-3.62575127343460e-01
-9.46315087018735e-01
7.67141519205232e-01
-2.51596928700527e-01
-4.54108624671632e-01
-9.99528369502786e-01
4.62261954280426e-01
-8.59512023512183e-01
9.99847773027675e-01
-8.57169935802374e-01
9.57986590731081e-01
6.56986835934391e-01
1.07789332717634e-01
-9.94769970309503e-01
6.55779620538168e-01
3.06469029029071e-03
-6.23325507823817e-01
1.71806982657119e-01
8.50304644730993e-01
3.20585558071224e-02
-9.85583794865888e-01
-6.28162519675092e-01
8.66610089875495e-01
-8.88245707907538e-01
-1.72099636770262e-01
-9.85461721409408e-01
7.79559969478288e-02
1.57652775540549e-01
-9.22409889911829e-01
9.89691479433098e-01
4.14485392019685e-01
9.15779134282574e-01
9.98130513384750e-01
-8.52028473393965e-01
6.69972307084951e-01
-9.34345106564504e-01
3.25071393160939e-01
-1.55899151561974e-01
8.83433794526788e-01
-9.69962384233508e-01
-6.83557169561356e-01
-7.32003374728675e-01
-9.36375797663678e-01
-9.31490658284752e-01
9.98688945491459e-02
2.20242877685566e-01
9.99629347018124e-01
-8.96771840876160e-01
9.90864573411188e-01
-5.77633510272041e-01
-9.83127933677452e-01
2.23905518995867e-01
1.27739379973502e-01
-5.75381400118656e-01
7.80617222760545e-01
9.85304699079216e-01
9.97889630897119e-01
9.61695548471764e-01
3.90386727062318e-01
-7.22854285775109e-02
-3.88305203924047e-01
2.86405607465298e-01
9.32290930467010e-01
5.26314708996567e-02
9.97303882856856e-01
-4.56519828779718e-01
-6.39496577222264e-01
-1.92430776855914e-01
8.21625957500693e-01
-4.48200255508146e-01
8.92530310044481e-01
3.83078983511350e-01
-9.80153989581611e-01
-3.57315049065028e-01
1.72147904715602e-01
5.71816594628849e-01
-9.95176927008051e-01
4.00723487876923e-01
-4.71397143977847e-01
1.83951748954884e-03
7.08668007169501e-01
9.97812608892992e-01
9.98318526081041e-01
-6.68202635090473e-01
-4.63740777039239e-01
-9.85201582267564e-01
6.24136546065744e-01
-8.92440173537786e-01
5.52081905694187e-01
5.75400198701777e-01
-8.98299498059285e-01
9.94834204567343e-01
9.88850320236810e-01
7.74227220870556e-01
-3.36415080395061e-01
9.82804616332894e-01
-8.57811465807722e-01
5.35782879078681e-01
-5.97995779514647e-01
-5.38537859390911e-01
5.59332509231941e-01
-5.17683303739808e-01
-4.05578712814280e-01
-9.40672262586164e-01
-2.43671572719587e-01
-8.99811537664416e-02
9.92395201006882e-01
6.29560636370614e-01
9.07351359403172e-01
6.30303510578098e-01
-9.98018005145947e-01
-7.06356474010094e-01
7.11254105062711e-01
-9.96066104158106e-01
3.06680349757701e-01
2.74080174065221e-02
-7.53314658429147e-01
7.88009015863899e-01
-8.91535527484270e-01
1.14053695475452e-01
-7.88696997747245e-01
-3.07805072344566e-01
4.49166834295142e-04
-9.59644087225334e-01
-9.99234205463812e-01
-4.86314846267830e-01
2.94301597467966e-01
-9.45328191189709e-01
-9.98693728132642e-01
9.40584571934578e-01
-7.66485513069918e-01
-2.45762940848948e-01
-9.57506945015406e-01
9.47141115424546e-01
-9.13066577359834e-01
-3.09938460035462e-02
9.75215465546678e-01
-8.89995621130224e-01
-3.22203201141634e-01
4.23488443922746e-02
1.47967594848780e-01
-9.84459614259300e-01
-6.16965744134379e-01
4.24215918357916e-01
-5.17623794668443e-01
-5.41427537105546e-01
3.25671067459856e-01
7.89287637373040e-01
-3.56331573105153e-01
-1.17190471292218e-01
9.79374317984091e-01
8.42444911069036e-01
-5.01987854979808e-02
9.97876371968618e-01
-9.99501364497347e-01
-5.75579160391253e-01
4.86022783416823e-01
9.86648073834200e-01
-7.65533282774355e-01
9.98749529142913e-01
-2.88778108189501e-01
6.83517379408824e-01
-3.15639626441187e-01
-9.91241381351388e-01
-6.95313123597480e-01
4.63825157138458e-01
-4.73863864331880e-01
-9.32093482958803e-01
8.74473509404672e-01
8.69557957845312e-01
-4.01958774857655e-02
4.65476589166611e-01
1.40019440328577e-01
-6.01721388603216e-01
9.85970484586174e-01
3.18567718361629e-01
8.75602792673913e-01
-5.00195481801295e-01
9.21951234034834e-01
9.90104381570306e-01
-9.72229981186238e-01
