2.4492935982947064e-16
0.31666799380147304
0.6007422642379789
0.8229838658936566
0.9605181116313725
0.9991889981715696
0.9350162426854147
0.7746049618276547
0.534465826127801
0.23931566428755743
-0.08046656871672608
-0.39196660986007514
-0.6631226582407952
-0.8660254037844387
-0.9797906520422677
-0.992708874098054
-0.9034504346103822
-0.7212024473438146
-0.4647231720437685
-0.16041128085776024
0.16041128085776024
0.4647231720437685
0.7212024473438146
0.9034504346103822
0.992708874098054
0.9797906520422677
0.8660254037844387
0.6631226582407952
0.39196660986007514
0.08046656871672608
-0.23931566428755743
-0.534465826127801
-0.7746049618276547
-0.9350162426854147
-0.9991889981715696
-0.9605181116313725
-0.8229838658936566
-0.6007422642379789
-0.31666799380147304
-2.4492935982947064e-16
