-6.123233995736766e-16
-0.15721404296725053
-0.3105180318741695
-0.45609915920701577
-0.5903366919365289
-0.7098920223913328
-0.8117917024210212
-0.893501395714874
-0.9529889090158395
-0.9887747345870026
-0.9999688468941563
-0.9862928383380027
-0.9480868435005092
-0.8863010796932086
-0.8024722142015774
-0.6986851459933064
-0.5775211524135878
-0.44199369050557896
-0.29547344963466904
-0.14160451942495142
0.015786242013638076
0.1727843854740998
0.32548522651021283
0.4700909584360033
0.6030051071796155
0.7209219788147166
0.8209088751292632
0.9004790324567519
0.9576534697159299
0.9910102074427922
0.999719633693478
0.9835651372363698
0.9429484948674371
0.8788798788614601
0.7929527330827788
0.6873041426091838
0.5645616825119183
0.427778067710209
0.2803552292170146
0.12595970506771687
-0.03156854976481037
-0.18831166648971862
-0.34037130340411276
-0.48396560114283943
-0.6155232409081791
-0.7317722663670774
-0.8298214601357258
-0.9072322509454818
-0.9620793630944628
-0.9929986997786696
-0.9992212694012756
-0.9805923110824041
-0.937575143700825
-0.8712396427384596
-0.7832356315188903
-0.6757518486236086
-0.5514615120031072
-0.41345583365213384
-0.2651671383986784
-0.11028349891127472
0.04734298997155833
0.20379201629015248
0.35517255263342873
0.4977196294756835
0.6278879733408588
0.7424401809292834
0.8385272362373777
0.913759368137437
0.966265486126022
0.994739716020657
0.9984738782203788
0.9773751007667071
0.931968129152435
0.8633822754312235
0.7733233312153391
0.664031143110431
0.5382239057242884
0.39903055773234064
0.24991296237030802
0.09457980779484501
-0.06310563131267359
-0.2192215768476913
-0.36988528541654686
-0.5113496156423267
-0.6400962229271072
-0.752923063833377
-0.847024033772299
-0.9200587573381745
-0.9702107955409863
-0.9962328222710067
-0.9974776464163387
-0.9739143080855378
-0.9261288486078412
-0.8553097351604119
-0.7632183025251684
-0.6521449471151867
-0.5248521627644683
-0.38450583503201086
-0.2345965027923687
-0.07885254540747647
0.07885254540747647
0.2345965027923687
0.38450583503201086
0.5248521627644683
0.6521449471151867
0.7632183025251684
0.8553097351604119
0.9261288486078412
0.9739143080855378
0.9974776464163387
0.9962328222710067
0.9702107955409863
0.9200587573381745
0.847024033772299
0.752923063833377
0.6400962229271072
0.5113496156423267
0.36988528541654686
0.2192215768476913
0.06310563131267359
-0.09457980779484501
-0.24991296237030802
-0.39903055773234064
-0.5382239057242884
-0.664031143110431
-0.7733233312153391
-0.8633822754312235
-0.931968129152435
-0.9773751007667071
-0.9984738782203788
-0.994739716020657
-0.966265486126022
-0.913759368137437
-0.8385272362373777
-0.7424401809292834
-0.6278879733408588
-0.4977196294756835
-0.35517255263342873
-0.20379201629015248
-0.04734298997155833
0.11028349891127472
0.2651671383986784
0.41345583365213384
0.5514615120031072
0.6757518486236086
0.7832356315188903
0.8712396427384596
0.937575143700825
0.9805923110824041
0.9992212694012756
0.9929986997786696
0.9620793630944628
0.9072322509454818
0.8298214601357258
0.7317722663670774
0.6155232409081791
0.48396560114283943
0.34037130340411276
0.18831166648971862
0.03156854976481037
-0.12595970506771687
-0.2803552292170146
-0.427778067710209
-0.5645616825119183
-0.6873041426091838
-0.7929527330827788
-0.8788798788614601
-0.9429484948674371
-0.9835651372363698
-0.999719633693478
-0.9910102074427922
-0.9576534697159299
-0.9004790324567519
-0.8209088751292632
-0.7209219788147166
-0.6030051071796155
-0.4700909584360033
-0.32548522651021283
-0.1727843854740998
-0.015786242013638076
0.14160451942495142
0.29547344963466904
0.44199369050557896
0.5775211524135878
0.6986851459933064
0.8024722142015774
0.8863010796932086
0.9480868435005092
0.9862928383380027
0.9999688468941563
0.9887747345870026
0.9529889090158395
0.893501395714874
0.8117917024210212
0.7098920223913328
0.5903366919365289
0.45609915920701577
0.3105180318741695
0.15721404296725053
6.123233995736766e-16
